72
# x y z
0	0	0
1	0	0
2	0	0
3	0	0
4	0	0
5	0	0
6	0	0
7	0	0
8	0	0
9	0	0
10	0	0
11	0	0
12	0	0
13	0	0
14	0	0
15	0	0
16	0	0
17	0	0
18	0	0
19	0	0
20	0	0
21	0	0
22	0	0
23	0	0
24	0	0
25	0	0
26	0	0
27	0	0
28	0	0
29	0	0
30	0	0
31	0	0
32	0	0
33	0	0
34	0	0
35	0	0
36	0	0
37	0	0
38	0	0
39	0	0
40	0	0
41	0	0
42	0	0
43	0	0
44	0	0
45	0	0
46	0	0
47	0	0
48	0	0
49	0	0
50	0	0
51	0	0
52	0	0
53	0	0
54	0	0
55	0	0
56	0	0
57	0	0
58	0	0
59	0	0
60	0	0
61	0	0
62	0	0
63	0	0
64	0	0
65	0	0
66	0	0
67	0	0
68	0	0
69	0	0
70	0	0
71	0	0
810
# a b m n err u i
1	61	21	41	0.00000000000000e+00	4.98240000000000e+01	5.01350000000000e+02
1	58	20	39	0.00000000000000e+00	5.80510000000000e+01	5.08600000000000e+02
1	55	19	37	0.00000000000000e+00	6.22600000000000e+01	5.08290000000000e+02
1	52	18	35	7.00000000000000e-01	2.11475000000000e+02	1.57300000000000e+01
1	49	17	33	0.00000000000000e+00	8.00080000000000e+01	5.17060000000000e+02
1	46	16	31	0.00000000000000e+00	8.31400000000000e+01	5.05660000000000e+02
1	43	15	29	1.00000000000000e-01	8.38430000000000e+01	4.73610000000000e+02
1	40	14	27	0.00000000000000e+00	9.63380000000000e+01	4.95720000000000e+02
1	37	13	25	0.00000000000000e+00	1.16172000000000e+02	5.11990000000000e+02
1	34	12	23	1.00000000000000e-01	1.30334000000000e+02	5.10540000000000e+02
1	31	11	21	0.00000000000000e+00	1.48842000000000e+02	4.89910000000000e+02
1	28	10	19	0.00000000000000e+00	1.75001000000000e+02	4.66970000000000e+02
1	25	9	17	0.00000000000000e+00	2.03345000000000e+02	4.10660000000000e+02
1	22	8	15	0.00000000000000e+00	2.03730000000000e+02	2.79040000000000e+02
1	19	7	13	0.00000000000000e+00	2.03968000000000e+02	2.03380000000000e+02
1	16	6	11	1.00000000000000e-01	2.01108000000000e+02	1.43640000000000e+02
1	13	5	9	1.00000000000000e-01	2.00099000000000e+02	8.74800000000000e+01
1	10	4	7	0.00000000000000e+00	2.00519000000000e+02	5.54800000000000e+01
1	7	3	5	1.00000000000000e-01	1.99759000000000e+02	2.87000000000000e+01
1	4	2	3	2.00000000000000e-01	1.99228000000000e+02	1.89200000000000e+01
2	62	22	42	1.00000000000000e-01	9.62170000000000e+01	7.74290000000000e+02
2	59	21	40	1.00000000000000e-01	1.13027000000000e+02	8.61630000000000e+02
2	56	20	38	0.00000000000000e+00	1.21938000000000e+02	8.58160000000000e+02
2	53	19	36	0.00000000000000e+00	1.21083000000000e+02	8.19860000000000e+02
2	50	18	34	4.00000000000000e-01	1.99859000000000e+02	1.20480000000000e+02
2	47	17	32	0.00000000000000e+00	1.28980000000000e+02	7.82620000000000e+02
2	44	16	30	0.00000000000000e+00	1.21910000000000e+02	6.90570000000000e+02
2	41	15	28	0.00000000000000e+00	1.56046000000000e+02	8.08320000000000e+02
2	38	14	26	0.00000000000000e+00	1.88324000000000e+02	8.45720000000000e+02
2	35	13	24	0.00000000000000e+00	2.05836000000000e+02	7.96730000000000e+02
2	32	12	22	1.00000000000000e-01	2.05200000000000e+02	6.99720000000000e+02
2	29	11	20	0.00000000000000e+00	2.05840000000000e+02	5.55370000000000e+02
2	26	10	18	5.00000000000000e-01	-1.77163000000000e+02	5.97500000000000e+01
2	23	9	16	1.00000000000000e-01	2.02971000000000e+02	2.85030000000000e+02
2	20	8	14	1.00000000000000e-01	2.02267000000000e+02	1.97030000000000e+02
2	17	7	12	1.00000000000000e-01	1.97858000000000e+02	1.34990000000000e+02
2	14	6	10	0.00000000000000e+00	1.95148000000000e+02	8.60500000000000e+01
2	11	5	8	1.00000000000000e-01	1.98174000000000e+02	5.51100000000000e+01
2	8	4	6	1.00000000000000e-01	1.96793000000000e+02	2.92000000000000e+01
2	5	3	4	2.00000000000000e-01	1.97678000000000e+02	1.61300000000000e+01
3	63	23	43	1.00000000000000e-01	5.92760000000000e+01	5.95070000000000e+02
3	60	22	41	0.00000000000000e+00	8.77250000000000e+01	6.65080000000000e+02
3	57	21	39	1.00000000000000e-01	9.41690000000000e+01	6.61780000000000e+02
3	54	20	37	1.00000000000000e-01	9.51650000000000e+01	6.32280000000000e+02
3	51	19	35	0.00000000000000e+00	1.07114000000000e+02	6.72780000000000e+02
3	48	18	33	6.00000000000000e-01	1.81002000000000e+02	6.67300000000000e+01
3	45	17	31	0.00000000000000e+00	1.13992000000000e+02	6.21270000000000e+02
3	42	16	29	0.00000000000000e+00	1.24771000000000e+02	6.38500000000000e+02
3	39	15	27	0.00000000000000e+00	1.46283000000000e+02	6.64830000000000e+02
3	36	14	25	0.00000000000000e+00	1.64690000000000e+02	6.24040000000000e+02
3	33	13	23	0.00000000000000e+00	1.96377000000000e+02	6.48360000000000e+02
3	30	12	21	1.00000000000000e-01	2.05618000000000e+02	5.32540000000000e+02
3	27	11	19	0.00000000000000e+00	2.05020000000000e+02	4.20860000000000e+02
3	24	10	17	0.00000000000000e+00	2.03812000000000e+02	2.96410000000000e+02
3	21	9	15	1.00000000000000e-01	2.00762000000000e+02	1.90380000000000e+02
3	18	8	13	9.66000000000000e+01	3.54900000000000e+00	1.35000000000000e+00
3	15	7	11	1.00000000000000e-01	1.96242000000000e+02	7.89000000000000e+01
3	12	6	9	1.00000000000000e-01	1.99036000000000e+02	4.76600000000000e+01
3	9	5	7	2.00000000000000e-01	1.97486000000000e+02	2.79700000000000e+01
3	6	4	5	2.00000000000000e-01	1.93797000000000e+02	1.49600000000000e+01
4	64	24	44	0.00000000000000e+00	4.79610000000000e+01	4.11780000000000e+02
4	61	23	42	0.00000000000000e+00	6.72240000000000e+01	6.15810000000000e+02
4	58	22	40	0.00000000000000e+00	8.65530000000000e+01	6.07110000000000e+02
4	55	21	38	0.00000000000000e+00	9.36460000000000e+01	6.06740000000000e+02
4	52	20	36	0.00000000000000e+00	1.01214000000000e+02	6.18820000000000e+02
4	49	19	34	0.00000000000000e+00	1.05577000000000e+02	6.22140000000000e+02
4	46	18	32	7.10000000000000e+00	2.24075000000000e+02	1.31940000000000e+02
4	43	17	30	0.00000000000000e+00	1.14621000000000e+02	5.67400000000000e+02
4	40	16	28	0.00000000000000e+00	1.33148000000000e+02	6.04320000000000e+02
4	37	15	26	0.00000000000000e+00	1.69410000000000e+02	6.11510000000000e+02
4	34	14	24	0.00000000000000e+00	1.96645000000000e+02	6.04220000000000e+02
4	31	13	22	0.00000000000000e+00	2.05727000000000e+02	5.29750000000000e+02
4	28	12	20	0.00000000000000e+00	2.04046000000000e+02	3.97990000000000e+02
4	25	11	18	3.40000000000000e+00	-2.16712000000000e+02	2.13900000000000e+01
4	22	10	16	0.00000000000000e+00	2.02231000000000e+02	1.77510000000000e+02
4	19	9	14	1.00000000000000e-01	2.01630000000000e+02	1.16180000000000e+02
4	16	8	12	1.00000000000000e-01	1.96609000000000e+02	7.00100000000000e+01
4	13	7	10	1.00000000000000e-01	1.98572000000000e+02	4.10300000000000e+01
4	10	6	8	2.00000000000000e-01	1.98907000000000e+02	2.43000000000000e+01
4	7	5	6	3.00000000000000e-01	1.97705000000000e+02	1.28800000000000e+01
5	65	25	45	1.00000000000000e-01	5.19230000000000e+01	4.49590000000000e+02
5	62	24	43	0.00000000000000e+00	6.52300000000000e+01	6.06740000000000e+02
5	59	23	41	0.00000000000000e+00	8.82000000000000e+01	6.24110000000000e+02
5	56	22	39	0.00000000000000e+00	9.67870000000000e+01	6.23540000000000e+02
5	53	21	37	1.00000000000000e-01	9.92190000000000e+01	6.06590000000000e+02
5	50	20	35	0.00000000000000e+00	1.11346000000000e+02	6.37050000000000e+02
5	47	19	33	0.00000000000000e+00	1.11473000000000e+02	6.12130000000000e+02
5	44	18	31	2.20000000000000e+00	2.24523000000000e+02	1.18100000000000e+01
5	41	17	29	0.00000000000000e+00	1.38586000000000e+02	6.03560000000000e+02
5	38	16	27	0.00000000000000e+00	1.62357000000000e+02	6.19820000000000e+02
5	35	15	25	0.00000000000000e+00	1.98548000000000e+02	6.00490000000000e+02
5	32	14	23	0.00000000000000e+00	2.03515000000000e+02	5.24420000000000e+02
5	29	13	21	0.00000000000000e+00	2.04439000000000e+02	3.86410000000000e+02
5	26	12	19	1.00000000000000e-01	2.02145000000000e+02	2.91650000000000e+02
5	23	11	17	1.00000000000000e-01	2.01903000000000e+02	1.86260000000000e+02
5	20	10	15	1.00000000000000e-01	1.99459000000000e+02	1.12160000000000e+02
5	17	9	13	1.00000000000000e-01	1.96208000000000e+02	7.03400000000000e+01
5	14	8	11	1.00000000000000e-01	1.98317000000000e+02	3.94600000000000e+01
5	11	7	9	3.00000000000000e-01	1.97985000000000e+02	2.14300000000000e+01
5	8	6	7	2.00000000000000e-01	1.92905000000000e+02	1.16900000000000e+01
6	66	26	46	1.00000000000000e-01	6.83960000000000e+01	4.87100000000000e+02
6	63	25	44	1.00000000000000e-01	8.54020000000000e+01	6.42930000000000e+02
6	60	24	42	1.00000000000000e-01	1.09710000000000e+02	7.81980000000000e+02
6	57	23	40	1.00000000000000e-01	1.18487000000000e+02	7.74740000000000e+02
6	54	22	38	1.00000000000000e-01	1.22444000000000e+02	7.30740000000000e+02
6	51	21	36	0.00000000000000e+00	1.40255000000000e+02	7.90250000000000e+02
6	48	20	34	0.00000000000000e+00	1.40357000000000e+02	7.57310000000000e+02
6	45	19	32	0.00000000000000e+00	1.42493000000000e+02	6.81170000000000e+02
6	42	18	30	1.20000000000000e+00	2.18491000000000e+02	1.07520000000000e+02
6	39	17	28	0.00000000000000e+00	2.01970000000000e+02	7.70250000000000e+02
6	36	16	26	0.00000000000000e+00	2.02999000000000e+02	6.12610000000000e+02
6	33	15	24	0.00000000000000e+00	2.03358000000000e+02	5.03290000000000e+02
6	30	14	22	1.00000000000000e-01	2.03958000000000e+02	3.81910000000000e+02
6	27	13	20	1.00000000000000e-01	2.02688000000000e+02	2.85900000000000e+02
6	24	12	18	4.90000000000000e+00	2.54345000000000e+02	1.75780000000000e+02
6	21	11	16	1.00000000000000e-01	1.97186000000000e+02	1.10520000000000e+02
6	18	10	14	6.73000000000000e+01	4.13700000000000e+00	9.10000000000000e-01
6	15	9	12	3.00000000000000e-01	1.95351000000000e+02	4.01400000000000e+01
6	12	8	10	2.00000000000000e-01	1.97419000000000e+02	2.10700000000000e+01
6	9	7	8	2.00000000000000e-01	1.95944000000000e+02	1.19800000000000e+01
7	67	27	47	0.00000000000000e+00	5.73830000000000e+01	5.00030000000000e+02
7	64	26	45	1.00000000000000e-01	6.28310000000000e+01	4.55330000000000e+02
7	61	25	43	0.00000000000000e+00	1.06538000000000e+02	7.69790000000000e+02
7	58	24	41	0.00000000000000e+00	1.18495000000000e+02	7.94210000000000e+02
7	55	23	39	0.00000000000000e+00	1.31823000000000e+02	7.91310000000000e+02
7	52	22	37	0.00000000000000e+00	1.45558000000000e+02	8.16170000000000e+02
7	49	21	35	0.00000000000000e+00	1.55520000000000e+02	8.21940000000000e+02
7	46	20	33	0.00000000000000e+00	1.59978000000000e+02	7.78550000000000e+02
7	43	19	31	0.00000000000000e+00	1.58423000000000e+02	6.67160000000000e+02
7	40	18	29	1.60000000000000e+00	2.05500000000000e+02	1.76550000000000e+02
7	37	17	27	1.00000000000000e-01	2.04694000000000e+02	6.18710000000000e+02
7	34	16	25	0.00000000000000e+00	2.04925000000000e+02	4.94900000000000e+02
7	31	15	23	0.00000000000000e+00	2.06002000000000e+02	4.01540000000000e+02
7	28	14	21	0.00000000000000e+00	2.04809000000000e+02	2.80520000000000e+02
7	25	13	19	1.00000000000000e-01	2.01015000000000e+02	1.94140000000000e+02
7	22	12	17	1.00000000000000e-01	1.98025000000000e+02	1.22050000000000e+02
7	19	11	15	1.00000000000000e-01	1.96319000000000e+02	6.87900000000000e+01
7	16	10	13	2.00000000000000e-01	1.94274000000000e+02	4.26700000000000e+01
7	13	9	11	2.00000000000000e-01	1.97593000000000e+02	2.28200000000000e+01
7	10	8	9	2.00000000000000e-01	1.93252000000000e+02	9.71000000000000e+00
8	68	28	48	1.00000000000000e-01	5.82070000000000e+01	5.12310000000000e+02
8	65	27	46	0.00000000000000e+00	5.94650000000000e+01	4.83040000000000e+02
8	62	26	44	0.00000000000000e+00	9.36020000000000e+01	6.82800000000000e+02
8	59	25	42	0.00000000000000e+00	1.09861000000000e+02	7.44790000000000e+02
8	56	24	40	0.00000000000000e+00	1.22288000000000e+02	7.44210000000000e+02
8	53	23	38	0.00000000000000e+00	1.29985000000000e+02	7.17560000000000e+02
8	50	22	36	0.00000000000000e+00	1.48506000000000e+02	7.66050000000000e+02
8	47	21	34	0.00000000000000e+00	1.39394000000000e+02	6.90870000000000e+02
8	44	20	32	0.00000000000000e+00	1.47605000000000e+02	6.24070000000000e+02
8	41	19	30	0.00000000000000e+00	1.91538000000000e+02	7.11260000000000e+02
8	38	18	28	1.00000000000000e+00	1.89639000000000e+02	2.28700000000000e+01
8	35	17	26	0.00000000000000e+00	2.04407000000000e+02	4.78610000000000e+02
8	32	16	24	0.00000000000000e+00	2.04182000000000e+02	3.96820000000000e+02
8	29	15	22	1.00000000000000e-01	2.03702000000000e+02	2.79020000000000e+02
8	26	14	20	0.00000000000000e+00	2.01193000000000e+02	2.00440000000000e+02
8	23	13	18	2.20000000000000e+00	-2.11497000000000e+02	3.10800000000000e+01
8	20	12	16	1.00000000000000e-01	1.95455000000000e+02	6.88800000000000e+01
8	17	11	14	2.00000000000000e-01	1.94849000000000e+02	4.09300000000000e+01
8	14	10	12	3.00000000000000e-01	1.96324000000000e+02	2.24100000000000e+01
8	11	9	10	4.00000000000000e-01	1.92320000000000e+02	1.02700000000000e+01
9	69	29	49	0.00000000000000e+00	5.79910000000000e+01	4.27720000000000e+02
9	66	28	47	2.00000000000000e-01	6.67250000000000e+01	4.77010000000000e+02
9	63	27	45	0.00000000000000e+00	8.60940000000000e+01	6.20400000000000e+02
9	60	26	43	1.00000000000000e-01	1.08612000000000e+02	7.45880000000000e+02
9	57	25	41	0.00000000000000e+00	1.19767000000000e+02	7.39620000000000e+02
9	54	24	39	0.00000000000000e+00	1.27117000000000e+02	6.99790000000000e+02
9	51	23	37	0.00000000000000e+00	1.48317000000000e+02	7.53010000000000e+02
9	48	22	35	0.00000000000000e+00	1.51849000000000e+02	7.23870000000000e+02
9	45	21	33	0.00000000000000e+00	1.53985000000000e+02	6.56070000000000e+02
9	42	20	31	0.00000000000000e+00	1.97025000000000e+02	7.05570000000000e+02
9	39	19	29	0.00000000000000e+00	2.06019000000000e+02	6.36830000000000e+02
9	36	18	27	2.10000000000000e+00	2.23401000000000e+02	1.95400000000000e+01
9	33	17	25	0.00000000000000e+00	2.04637000000000e+02	3.69050000000000e+02
9	30	16	23	1.00000000000000e-01	2.01843000000000e+02	2.71370000000000e+02
9	27	15	21	0.00000000000000e+00	2.01145000000000e+02	1.85900000000000e+02
9	24	14	19	1.00000000000000e-01	1.98092000000000e+02	1.20490000000000e+02
9	21	13	17	1.00000000000000e-01	1.94574000000000e+02	7.16800000000000e+01
9	18	12	15	1.08000000000000e+01	2.30200000000000e+00	3.30000000000000e-01
9	15	11	13	3.00000000000000e-01	1.96000000000000e+02	2.13700000000000e+01
9	12	10	11	3.00000000000000e-01	1.92629000000000e+02	9.74000000000000e+00
10	70	30	50	1.00000000000000e-01	5.04290000000000e+01	4.30030000000000e+02
10	67	29	48	0.00000000000000e+00	5.95180000000000e+01	4.72750000000000e+02
10	64	28	46	1.00000000000000e-01	5.80540000000000e+01	4.36110000000000e+02
10	61	27	44	0.00000000000000e+00	1.01467000000000e+02	6.88460000000000e+02
10	58	26	42	0.00000000000000e+00	1.11699000000000e+02	7.07740000000000e+02
10	55	25	40	0.00000000000000e+00	1.26328000000000e+02	7.05550000000000e+02
10	52	24	38	0.00000000000000e+00	1.47196000000000e+02	7.23360000000000e+02
10	49	23	36	0.00000000000000e+00	1.58124000000000e+02	7.27880000000000e+02
10	46	22	34	0.00000000000000e+00	1.61858000000000e+02	6.96610000000000e+02
10	43	21	32	0.00000000000000e+00	1.69281000000000e+02	6.10840000000000e+02
10	40	20	30	0.00000000000000e+00	2.05042000000000e+02	6.24330000000000e+02
10	37	19	28	0.00000000000000e+00	2.03520000000000e+02	4.79070000000000e+02
10	34	18	26	1.10000000000000e+00	2.09503000000000e+02	2.44600000000000e+01
10	31	17	24	0.00000000000000e+00	2.04216000000000e+02	2.69310000000000e+02
10	28	16	22	1.00000000000000e-01	2.01894000000000e+02	1.87400000000000e+02
10	25	15	20	0.00000000000000e+00	1.98688000000000e+02	1.20330000000000e+02
10	22	14	18	1.50000000000000e+00	-2.05042000000000e+02	2.49600000000000e+01
10	19	13	16	2.00000000000000e-01	1.97613000000000e+02	3.94300000000000e+01
10	16	12	14	3.00000000000000e-01	1.95270000000000e+02	2.26500000000000e+01
10	13	11	12	4.00000000000000e-01	1.90675000000000e+02	9.39000000000000e+00
11	71	31	51	0.00000000000000e+00	4.78110000000000e+01	4.02250000000000e+02
11	68	30	49	0.00000000000000e+00	5.85210000000000e+01	4.70180000000000e+02
11	65	29	47	0.00000000000000e+00	6.13820000000000e+01	4.49190000000000e+02
11	62	28	45	0.00000000000000e+00	8.17500000000000e+01	6.12650000000000e+02
11	59	27	43	0.00000000000000e+00	1.00269000000000e+02	6.36220000000000e+02
11	56	26	41	0.00000000000000e+00	1.11736000000000e+02	6.36720000000000e+02
11	53	25	39	1.00000000000000e-01	1.23717000000000e+02	6.20610000000000e+02
11	50	24	37	0.00000000000000e+00	1.44299000000000e+02	6.54510000000000e+02
11	47	23	35	1.00000000000000e-01	1.43903000000000e+02	6.03960000000000e+02
11	44	22	33	0.00000000000000e+00	1.59043000000000e+02	5.78220000000000e+02
11	41	21	31	0.00000000000000e+00	2.02916000000000e+02	6.01530000000000e+02
11	38	20	29	0.00000000000000e+00	2.05181000000000e+02	4.92850000000000e+02
11	35	19	27	0.00000000000000e+00	2.02102000000000e+02	3.52740000000000e+02
11	32	18	25	8.00000000000000e-01	1.85940000000000e+02	7.54400000000000e+01
11	29	17	23	0.00000000000000e+00	2.02111000000000e+02	1.81370000000000e+02
11	26	16	21	1.00000000000000e-01	1.99692000000000e+02	1.24840000000000e+02
11	23	15	19	2.00000000000000e-01	1.96483000000000e+02	7.34200000000000e+01
11	20	14	17	0.00000000000000e+00	1.97322000000000e+02	4.30400000000000e+01
11	17	13	15	5.00000000000000e-01	1.98588000000000e+02	2.24800000000000e+01
11	14	12	13	3.00000000000000e-01	1.96769000000000e+02	1.03800000000000e+01
12	72	32	52	0.00000000000000e+00	5.02270000000000e+01	4.13660000000000e+02
12	69	31	50	0.00000000000000e+00	5.67170000000000e+01	4.01280000000000e+02
12	66	30	48	0.00000000000000e+00	6.13740000000000e+01	4.48410000000000e+02
12	63	29	46	0.00000000000000e+00	7.97380000000000e+01	5.76290000000000e+02
12	60	28	44	0.00000000000000e+00	1.02336000000000e+02	6.44660000000000e+02
12	57	27	42	0.00000000000000e+00	1.12598000000000e+02	6.40870000000000e+02
12	54	26	40	0.00000000000000e+00	1.21432000000000e+02	6.13100000000000e+02
12	51	25	38	0.00000000000000e+00	1.49258000000000e+02	6.51630000000000e+02
12	48	24	36	0.00000000000000e+00	1.55978000000000e+02	6.31830000000000e+02
12	45	23	34	0.00000000000000e+00	1.67839000000000e+02	6.03570000000000e+02
12	42	22	32	0.00000000000000e+00	2.05510000000000e+02	6.04070000000000e+02
12	39	21	30	0.00000000000000e+00	2.05252000000000e+02	4.88160000000000e+02
12	36	20	28	0.00000000000000e+00	2.04883000000000e+02	3.56260000000000e+02
12	33	19	26	0.00000000000000e+00	2.03229000000000e+02	2.47460000000000e+02
12	30	18	24	1.40000000000000e+00	2.10633000000000e+02	1.04100000000000e+01
12	27	17	22	0.00000000000000e+00	1.99292000000000e+02	1.16000000000000e+02
12	24	16	20	1.00000000000000e-01	1.95517000000000e+02	7.46600000000000e+01
12	21	15	18	1.60000000000000e+00	-2.01720000000000e+02	9.70000000000000e+00
12	18	14	16	2.47000000000000e+01	2.80200000000000e+00	2.30000000000000e-01
12	15	13	14	2.00000000000000e-01	1.96443000000000e+02	1.05100000000000e+01
13	70	32	51	1.00000000000000e-01	5.96760000000000e+01	4.39230000000000e+02
13	67	31	49	0.00000000000000e+00	6.27500000000000e+01	4.86830000000000e+02
13	64	30	47	0.00000000000000e+00	6.49170000000000e+01	4.49680000000000e+02
13	61	29	45	0.00000000000000e+00	1.17653000000000e+02	7.45310000000000e+02
13	58	28	43	1.00000000000000e-01	1.32672000000000e+02	7.67130000000000e+02
13	55	27	41	0.00000000000000e+00	1.50015000000000e+02	7.64980000000000e+02
13	52	26	39	0.00000000000000e+00	1.79528000000000e+02	7.87650000000000e+02
13	49	25	37	0.00000000000000e+00	1.98333000000000e+02	7.88580000000000e+02
13	46	24	35	1.00000000000000e-01	2.05751000000000e+02	7.23010000000000e+02
13	43	23	33	0.00000000000000e+00	2.05974000000000e+02	6.03750000000000e+02
13	40	22	31	1.00000000000000e-01	2.04349000000000e+02	4.71390000000000e+02
13	37	21	29	0.00000000000000e+00	2.03482000000000e+02	3.48190000000000e+02
13	34	20	27	1.00000000000000e-01	2.01809000000000e+02	2.43380000000000e+02
13	31	19	25	0.00000000000000e+00	2.01846000000000e+02	1.70500000000000e+02
13	28	18	23	1.40000000000000e+00	2.00266000000000e+02	3.74400000000000e+01
13	25	17	21	1.00000000000000e-01	1.93671000000000e+02	6.97100000000000e+01
13	22	16	19	2.00000000000000e-01	1.94720000000000e+02	4.53400000000000e+01
13	19	15	17	3.00000000000000e-01	1.96063000000000e+02	2.50000000000000e+01
13	16	14	15	6.00000000000000e-01	1.88971000000000e+02	1.14700000000000e+01
14	71	33	52	0.00000000000000e+00	5.90500000000000e+01	4.34000000000000e+02
14	68	32	50	0.00000000000000e+00	7.35510000000000e+01	5.22940000000000e+02
14	65	31	48	1.00000000000000e-01	6.95700000000000e+01	4.92780000000000e+02
14	62	30	46	0.00000000000000e+00	1.14693000000000e+02	7.24030000000000e+02
14	59	29	44	0.00000000000000e+00	1.37560000000000e+02	7.98000000000000e+02
14	56	28	42	0.00000000000000e+00	1.57357000000000e+02	7.96380000000000e+02
14	53	27	40	0.00000000000000e+00	1.72261000000000e+02	7.64390000000000e+02
14	50	26	38	0.00000000000000e+00	2.04938000000000e+02	7.82430000000000e+02
14	47	25	36	0.00000000000000e+00	2.05831000000000e+02	7.03470000000000e+02
14	44	24	34	0.00000000000000e+00	2.04063000000000e+02	5.95700000000000e+02
14	41	23	32	0.00000000000000e+00	2.05214000000000e+02	4.65640000000000e+02
14	38	22	30	1.00000000000000e-01	2.02560000000000e+02	3.49590000000000e+02
14	35	21	28	1.00000000000000e-01	2.01964000000000e+02	2.44900000000000e+02
14	32	20	26	1.00000000000000e-01	1.99912000000000e+02	1.63740000000000e+02
14	29	19	24	1.00000000000000e-01	1.95545000000000e+02	1.04960000000000e+02
14	26	18	22	1.10000000000000e+00	1.98999000000000e+02	3.18400000000000e+01
14	23	17	20	3.00000000000000e-01	1.94339000000000e+02	4.28200000000000e+01
14	20	16	18	8.00000000000000e-01	1.94603000000000e+02	7.21800000000000e+01
14	17	15	16	4.00000000000000e-01	1.89748000000000e+02	1.15700000000000e+01
15	72	34	53	0.00000000000000e+00	5.90760000000000e+01	4.63470000000000e+02
15	69	33	51	0.00000000000000e+00	6.31170000000000e+01	4.49310000000000e+02
15	66	32	49	0.00000000000000e+00	7.20480000000000e+01	5.16150000000000e+02
15	63	31	47	0.00000000000000e+00	1.13479000000000e+02	7.23010000000000e+02
15	60	30	45	0.00000000000000e+00	1.61168000000000e+02	9.32570000000000e+02
15	57	29	43	0.00000000000000e+00	1.80125000000000e+02	9.19990000000000e+02
15	54	28	41	0.00000000000000e+00	1.92039000000000e+02	8.48560000000000e+02
15	51	27	39	0.00000000000000e+00	2.03529000000000e+02	7.57770000000000e+02
15	48	26	37	0.00000000000000e+00	2.04836000000000e+02	6.94890000000000e+02
15	45	25	35	0.00000000000000e+00	2.05956000000000e+02	5.74280000000000e+02
15	42	24	33	0.00000000000000e+00	2.03269000000000e+02	4.60000000000000e+02
15	39	23	31	0.00000000000000e+00	2.02615000000000e+02	3.40090000000000e+02
15	36	22	29	1.00000000000000e-01	2.00884000000000e+02	2.39610000000000e+02
15	33	21	27	1.00000000000000e-01	1.97917000000000e+02	1.63550000000000e+02
15	30	20	25	1.00000000000000e-01	1.91856000000000e+02	9.90300000000000e+01
15	27	19	23	2.00000000000000e-01	1.90359000000000e+02	6.69600000000000e+01
15	24	18	21	1.12000000000000e+01	2.13147000000000e+02	2.16270000000000e+02
15	21	17	19	3.00000000000000e-01	1.92970000000000e+02	2.53800000000000e+01
15	18	16	17	5.50000000000000e+00	4.94300000000000e+00	2.90000000000000e-01
16	70	34	52	1.00000000000000e-01	6.47590000000000e+01	4.69780000000000e+02
16	67	33	50	1.00000000000000e-01	7.74170000000000e+01	5.26260000000000e+02
16	64	32	48	1.00000000000000e-01	7.38250000000000e+01	4.84830000000000e+02
16	61	31	46	0.00000000000000e+00	1.63295000000000e+02	9.49300000000000e+02
16	58	30	44	1.00000000000000e-01	1.93676000000000e+02	9.94780000000000e+02
16	55	29	42	0.00000000000000e+00	2.04678000000000e+02	9.03460000000000e+02
16	52	28	40	0.00000000000000e+00	2.03563000000000e+02	7.43590000000000e+02
16	49	27	38	0.00000000000000e+00	2.04547000000000e+02	6.41420000000000e+02
16	46	26	36	1.00000000000000e-01	2.04545000000000e+02	5.63200000000000e+02
16	43	25	34	0.00000000000000e+00	2.05910000000000e+02	4.61410000000000e+02
16	40	24	32	1.00000000000000e-01	2.01592000000000e+02	3.39370000000000e+02
16	37	23	30	0.00000000000000e+00	1.99823000000000e+02	2.32320000000000e+02
16	34	22	28	2.00000000000000e-01	1.95714000000000e+02	1.58320000000000e+02
16	31	21	26	2.00000000000000e-01	1.92719000000000e+02	1.02080000000000e+02
16	28	20	24	2.00000000000000e-01	1.92678000000000e+02	6.48800000000000e+01
16	25	19	22	3.00000000000000e-01	1.89993000000000e+02	4.10200000000000e+01
16	22	18	20	1.20000000000000e+00	1.98030000000000e+02	1.49300000000000e+01
16	19	17	18	1.40000000000000e+00	1.88234000000000e+02	4.65000000000000e+00
17	71	35	53	0.00000000000000e+00	6.05830000000000e+01	4.62540000000000e+02
17	68	34	51	0.00000000000000e+00	7.92290000000000e+01	5.74720000000000e+02
17	65	33	49	0.00000000000000e+00	8.09080000000000e+01	5.37920000000000e+02
17	62	32	47	1.00000000000000e-01	1.53179000000000e+02	9.01060000000000e+02
17	59	31	45	0.00000000000000e+00	1.96564000000000e+02	1.05000000000000e+03
17	56	30	43	0.00000000000000e+00	2.04521000000000e+02	9.15140000000000e+02
17	53	29	41	0.00000000000000e+00	2.04731000000000e+02	7.85940000000000e+02
17	50	28	39	0.00000000000000e+00	2.03062000000000e+02	6.34260000000000e+02
17	47	27	37	0.00000000000000e+00	2.04909000000000e+02	5.70340000000000e+02
17	44	26	35	0.00000000000000e+00	2.04534000000000e+02	4.65970000000000e+02
17	41	25	33	0.00000000000000e+00	2.03886000000000e+02	3.58760000000000e+02
17	38	24	31	1.00000000000000e-01	1.99338000000000e+02	2.47910000000000e+02
17	35	23	29	1.00000000000000e-01	1.96866000000000e+02	1.67610000000000e+02
17	32	22	27	2.00000000000000e-01	1.92476000000000e+02	1.13260000000000e+02
17	29	21	25	2.00000000000000e-01	1.85044000000000e+02	6.72400000000000e+01
17	26	20	23	3.00000000000000e-01	1.89144000000000e+02	4.60700000000000e+01
17	23	19	21	3.00000000000000e-01	1.93560000000000e+02	2.77600000000000e+01
17	20	18	19	1.00000000000000e+00	1.88240000000000e+02	6.66000000000000e+00
18	72	36	54	9.43000000000000e+01	9.45000000000000e-01	9.10000000000000e-01
18	69	35	52	7.50000000000000e+00	7.23000000000000e-01	6.10000000000000e-01
18	66	34	50	2.16000000000000e+01	2.96000000000000e-01	6.60000000000000e-01
18	63	33	48	6.90000000000000e+00	1.06000000000000e-01	5.90000000000000e-01
18	60	32	46	1.25000000000000e+01	7.80000000000000e-02	5.50000000000000e-01
18	57	31	44	0.00000000000000e+00	3.00000000000000e-03	5.50000000000000e-01
18	54	30	42	3.62000000000000e+01	-5.40000000000000e-02	5.20000000000000e-01
18	51	29	40	3.10000000000000e+01	-1.89000000000000e-01	4.90000000000000e-01
18	48	28	38	3.03000000000000e+01	-5.35000000000000e-01	4.60000000000000e-01
18	45	27	36	1.73000000000000e+01	-1.54200000000000e+00	4.30000000000000e-01
18	42	26	34	1.74000000000000e+01	-4.10000000000000e-01	4.10000000000000e-01
18	39	25	32	1.16500000000000e+02	-4.80000000000000e-02	3.80000000000000e-01
18	36	24	30	3.50000000000000e+00	1.88000000000000e-01	3.60000000000000e-01
18	33	23	28	1.03000000000000e+01	8.60000000000000e-01	3.40000000000000e-01
18	30	22	26	7.10000000000000e+00	1.21600000000000e+00	3.00000000000000e-01
18	27	21	24	6.00000000000000e+00	1.13800000000000e+00	2.90000000000000e-01
18	24	20	22	3.50000000000000e+00	9.55000000000000e-01	2.80000000000000e-01
18	21	19	20	3.70000000000000e+00	2.46400000000000e+00	2.70000000000000e-01
19	70	36	53	0.00000000000000e+00	6.08830000000000e+01	4.28900000000000e+02
19	67	35	51	0.00000000000000e+00	7.21580000000000e+01	4.70370000000000e+02
19	64	34	49	0.00000000000000e+00	7.54060000000000e+01	4.39630000000000e+02
19	61	33	47	0.00000000000000e+00	1.34962000000000e+02	7.00500000000000e+02
19	58	32	45	0.00000000000000e+00	1.54459000000000e+02	7.21020000000000e+02
19	55	31	43	0.00000000000000e+00	1.84700000000000e+02	7.19240000000000e+02
19	52	30	41	0.00000000000000e+00	2.05734000000000e+02	6.40480000000000e+02
19	49	29	39	0.00000000000000e+00	2.05414000000000e+02	5.25420000000000e+02
19	46	28	37	0.00000000000000e+00	2.05408000000000e+02	4.43210000000000e+02
19	43	27	35	0.00000000000000e+00	2.03698000000000e+02	3.48070000000000e+02
19	40	26	33	0.00000000000000e+00	2.03327000000000e+02	2.74790000000000e+02
19	37	25	31	1.00000000000000e-01	2.00468000000000e+02	1.72600000000000e+02
19	34	24	29	1.00000000000000e-01	1.97909000000000e+02	1.17840000000000e+02
19	31	23	27	1.00000000000000e-01	1.95159000000000e+02	7.75500000000000e+01
19	28	22	25	2.00000000000000e-01	1.96756000000000e+02	4.79300000000000e+01
19	25	21	23	2.00000000000000e-01	1.95331000000000e+02	3.10700000000000e+01
19	22	20	21	3.00000000000000e-01	1.95173000000000e+02	1.68500000000000e+01
20	71	37	54	0.00000000000000e+00	6.39050000000000e+01	4.46650000000000e+02
20	68	36	52	1.00000000000000e-01	8.56930000000000e+01	5.45860000000000e+02
20	65	35	50	0.00000000000000e+00	9.15440000000000e+01	5.13870000000000e+02
20	62	34	48	0.00000000000000e+00	1.53644000000000e+02	7.99750000000000e+02
20	59	33	46	0.00000000000000e+00	1.95812000000000e+02	9.01170000000000e+02
20	56	32	44	0.00000000000000e+00	2.03933000000000e+02	7.91430000000000e+02
20	53	31	42	1.00000000000000e-01	2.04610000000000e+02	6.65720000000000e+02
20	50	30	40	1.00000000000000e-01	2.04181000000000e+02	5.13110000000000e+02
20	47	29	38	0.00000000000000e+00	2.04547000000000e+02	4.21900000000000e+02
20	44	28	36	0.00000000000000e+00	2.02525000000000e+02	3.29920000000000e+02
20	41	27	34	0.00000000000000e+00	2.02607000000000e+02	2.66520000000000e+02
20	38	26	32	1.00000000000000e-01	1.99343000000000e+02	1.88000000000000e+02
20	35	25	30	1.00000000000000e-01	1.95331000000000e+02	1.18070000000000e+02
20	32	24	28	1.00000000000000e-01	1.89626000000000e+02	7.96100000000000e+01
20	29	23	26	2.00000000000000e-01	1.90801000000000e+02	4.68900000000000e+01
20	26	22	24	3.00000000000000e-01	1.94466000000000e+02	3.18700000000000e+01
20	23	21	22	2.00000000000000e-01	1.95653000000000e+02	1.88900000000000e+01
21	72	38	55	1.00000000000000e-01	6.61620000000000e+01	4.68680000000000e+02
21	69	37	53	0.00000000000000e+00	7.03920000000000e+01	4.54510000000000e+02
21	66	36	51	0.00000000000000e+00	8.61850000000000e+01	5.22610000000000e+02
21	63	35	49	0.00000000000000e+00	1.43008000000000e+02	7.53830000000000e+02
21	60	34	47	0.00000000000000e+00	2.05588000000000e+02	9.18600000000000e+02
21	57	33	45	1.00000000000000e-01	2.04508000000000e+02	7.89100000000000e+02
21	54	32	43	0.00000000000000e+00	2.05102000000000e+02	6.58980000000000e+02
21	51	31	41	0.00000000000000e+00	2.03097000000000e+02	5.19660000000000e+02
21	48	30	39	0.00000000000000e+00	2.04655000000000e+02	4.07530000000000e+02
21	45	29	37	0.00000000000000e+00	2.04321000000000e+02	3.25900000000000e+02
21	42	28	35	1.00000000000000e-01	2.00903000000000e+02	2.46010000000000e+02
21	39	27	33	1.00000000000000e-01	1.97786000000000e+02	1.84190000000000e+02
21	36	26	31	1.00000000000000e-01	1.94617000000000e+02	1.20030000000000e+02
21	33	25	29	2.00000000000000e-01	1.85861000000000e+02	7.69900000000000e+01
21	30	24	27	3.00000000000000e-01	1.88808000000000e+02	4.89500000000000e+01
21	27	23	25	4.00000000000000e-01	1.92322000000000e+02	3.13500000000000e+01
21	24	22	23	2.00000000000000e-01	1.95722000000000e+02	1.96300000000000e+01
22	70	38	54	1.00000000000000e-01	7.03430000000000e+01	4.60190000000000e+02
22	67	37	52	1.00000000000000e-01	8.49850000000000e+01	5.11570000000000e+02
22	64	36	50	0.00000000000000e+00	9.23500000000000e+01	4.74150000000000e+02
22	61	35	48	0.00000000000000e+00	1.94422000000000e+02	8.80740000000000e+02
22	58	34	46	0.00000000000000e+00	2.04769000000000e+02	7.82840000000000e+02
22	55	33	44	0.00000000000000e+00	2.03876000000000e+02	6.43960000000000e+02
22	52	32	42	0.00000000000000e+00	2.04179000000000e+02	5.19190000000000e+02
22	49	31	40	1.00000000000000e-01	2.03415000000000e+02	4.11280000000000e+02
22	46	30	38	1.00000000000000e-01	2.02843000000000e+02	3.09740000000000e+02
22	43	29	36	0.00000000000000e+00	2.03644000000000e+02	2.41710000000000e+02
22	40	28	34	1.00000000000000e-01	1.99827000000000e+02	1.85330000000000e+02
22	37	27	32	1.00000000000000e-01	1.94612000000000e+02	1.20150000000000e+02
22	34	26	30	2.00000000000000e-01	1.87315000000000e+02	8.08200000000000e+01
22	31	25	28	2.00000000000000e-01	1.90988000000000e+02	5.44400000000000e+01
22	28	24	26	3.00000000000000e-01	1.94585000000000e+02	3.25600000000000e+01
22	25	23	24	4.00000000000000e-01	1.93701000000000e+02	1.98800000000000e+01
23	71	39	55	1.00000000000000e-01	6.90470000000000e+01	4.52220000000000e+02
23	68	38	53	1.00000000000000e-01	9.26710000000000e+01	5.54920000000000e+02
23	65	37	51	0.00000000000000e+00	9.77000000000000e+01	5.20830000000000e+02
23	62	36	49	0.00000000000000e+00	1.78972000000000e+02	8.34550000000000e+02
23	59	35	47	0.00000000000000e+00	2.04299000000000e+02	7.86670000000000e+02
23	56	34	45	0.00000000000000e+00	2.04087000000000e+02	6.36330000000000e+02
23	53	33	43	1.00000000000000e-01	2.03257000000000e+02	5.23630000000000e+02
23	50	32	41	1.00000000000000e-01	2.02936000000000e+02	4.12940000000000e+02
23	47	31	39	1.00000000000000e-01	2.02685000000000e+02	3.22900000000000e+02
23	44	30	37	0.00000000000000e+00	2.02124000000000e+02	2.39400000000000e+02
23	41	29	35	1.00000000000000e-01	1.98713000000000e+02	1.77690000000000e+02
23	38	28	33	1.00000000000000e-01	1.94342000000000e+02	1.26160000000000e+02
23	35	27	31	2.00000000000000e-01	1.88005000000000e+02	7.92500000000000e+01
23	32	26	29	2.00000000000000e-01	1.89607000000000e+02	5.96200000000000e+01
23	29	25	27	4.00000000000000e-01	1.90384000000000e+02	3.61000000000000e+01
23	26	24	25	3.00000000000000e-01	1.94784000000000e+02	2.36300000000000e+01
24	72	40	56	1.00000000000000e-01	7.23380000000000e+01	4.71180000000000e+02
24	69	39	54	1.00000000000000e-01	7.67630000000000e+01	4.56120000000000e+02
24	66	38	52	0.00000000000000e+00	9.76070000000000e+01	5.25500000000000e+02
24	63	37	50	0.00000000000000e+00	1.65261000000000e+02	7.65860000000000e+02
24	60	36	48	0.00000000000000e+00	2.05271000000000e+02	7.92750000000000e+02
24	57	35	46	0.00000000000000e+00	2.03532000000000e+02	6.31210000000000e+02
24	54	34	44	0.00000000000000e+00	2.04182000000000e+02	5.04210000000000e+02
24	51	33	42	0.00000000000000e+00	2.01886000000000e+02	3.97070000000000e+02
24	48	32	40	1.00000000000000e-01	2.02461000000000e+02	3.16450000000000e+02
24	45	31	38	1.00000000000000e-01	2.01835000000000e+02	2.32110000000000e+02
24	42	30	36	1.00000000000000e-01	1.97434000000000e+02	1.67010000000000e+02
24	39	29	34	2.00000000000000e-01	1.93174000000000e+02	1.26480000000000e+02
24	36	28	32	1.00000000000000e-01	1.87975000000000e+02	7.94800000000000e+01
24	33	27	30	3.00000000000000e-01	1.87811000000000e+02	5.62200000000000e+01
24	30	26	28	3.00000000000000e-01	1.91648000000000e+02	4.00000000000000e+01
24	27	25	26	2.00000000000000e-01	1.95184000000000e+02	2.23400000000000e+01
25	70	40	55	0.00000000000000e+00	7.88350000000000e+01	4.65220000000000e+02
25	67	39	53	0.00000000000000e+00	9.72770000000000e+01	5.17990000000000e+02
25	64	38	51	1.00000000000000e-01	1.00978000000000e+02	4.81580000000000e+02
25	61	37	49	0.00000000000000e+00	2.05341000000000e+02	7.98450000000000e+02
25	58	36	47	1.00000000000000e-01	2.04910000000000e+02	6.46630000000000e+02
25	55	35	45	0.00000000000000e+00	2.03246000000000e+02	5.07090000000000e+02
25	52	34	43	1.00000000000000e-01	2.02673000000000e+02	3.84910000000000e+02
25	49	33	41	1.00000000000000e-01	2.01358000000000e+02	3.07710000000000e+02
25	46	32	39	1.00000000000000e-01	2.00357000000000e+02	2.34470000000000e+02
25	43	31	37	1.00000000000000e-01	2.01024000000000e+02	1.77820000000000e+02
25	40	30	35	1.00000000000000e-01	1.95022000000000e+02	1.21760000000000e+02
25	37	29	33	2.00000000000000e-01	1.85660000000000e+02	8.08400000000000e+01
25	34	28	31	3.00000000000000e-01	1.88509000000000e+02	5.34000000000000e+01
25	31	27	29	3.00000000000000e-01	1.91867000000000e+02	4.02400000000000e+01
25	28	26	27	3.00000000000000e-01	1.96140000000000e+02	2.89600000000000e+01
26	71	41	56	1.00000000000000e-01	7.93260000000000e+01	4.62340000000000e+02
26	68	40	54	0.00000000000000e+00	1.09529000000000e+02	5.75550000000000e+02
26	65	39	52	0.00000000000000e+00	1.13633000000000e+02	5.39680000000000e+02
26	62	38	50	0.00000000000000e+00	2.03453000000000e+02	8.24850000000000e+02
26	59	37	48	0.00000000000000e+00	2.04332000000000e+02	6.49400000000000e+02
26	56	36	46	1.00000000000000e-01	2.02895000000000e+02	5.03140000000000e+02
26	53	35	44	1.00000000000000e-01	2.02145000000000e+02	3.94070000000000e+02
26	50	34	42	1.00000000000000e-01	1.99659000000000e+02	2.94000000000000e+02
26	47	33	40	0.00000000000000e+00	1.99991000000000e+02	2.32400000000000e+02
26	44	32	38	0.00000000000000e+00	1.99756000000000e+02	1.70410000000000e+02
26	41	31	36	2.00000000000000e-01	1.92330000000000e+02	1.22540000000000e+02
26	38	30	34	2.00000000000000e-01	1.81852000000000e+02	8.28200000000000e+01
26	35	29	32	3.00000000000000e-01	1.86339000000000e+02	5.56800000000000e+01
26	32	28	30	4.00000000000000e-01	1.90306000000000e+02	4.04300000000000e+01
26	29	27	28	1.00000000000000e-01	1.89914000000000e+02	2.82600000000000e+01
27	72	42	57	0.00000000000000e+00	8.05420000000000e+01	4.70640000000000e+02
27	69	41	55	0.00000000000000e+00	8.61500000000000e+01	4.55510000000000e+02
27	66	40	53	0.00000000000000e+00	1.14076000000000e+02	5.24670000000000e+02
27	63	39	51	0.00000000000000e+00	1.83192000000000e+02	7.64660000000000e+02
27	60	38	49	0.00000000000000e+00	2.03462000000000e+02	6.93820000000000e+02
27	57	37	47	1.00000000000000e-01	2.03283000000000e+02	5.16430000000000e+02
27	54	36	45	1.00000000000000e-01	2.03650000000000e+02	4.13640000000000e+02
27	51	35	43	1.00000000000000e-01	2.00902000000000e+02	3.06520000000000e+02
27	48	34	41	1.00000000000000e-01	1.99999000000000e+02	2.34820000000000e+02
27	45	33	39	1.00000000000000e-01	1.99457000000000e+02	1.72970000000000e+02
27	42	32	37	2.00000000000000e-01	1.94746000000000e+02	1.32470000000000e+02
27	39	31	35	4.00000000000000e-01	1.87064000000000e+02	9.26100000000000e+01
27	36	30	33	2.00000000000000e-01	1.89257000000000e+02	6.10800000000000e+01
27	33	29	31	3.00000000000000e-01	1.90742000000000e+02	4.21800000000000e+01
27	30	28	29	2.00000000000000e-01	1.94188000000000e+02	2.83900000000000e+01
28	70	42	56	0.00000000000000e+00	8.33200000000000e+01	4.41690000000000e+02
28	67	41	54	1.00000000000000e-01	1.03518000000000e+02	4.86560000000000e+02
28	64	40	52	1.00000000000000e-01	1.07949000000000e+02	4.56320000000000e+02
28	61	39	50	0.00000000000000e+00	2.04896000000000e+02	7.19580000000000e+02
28	58	38	48	0.00000000000000e+00	2.05514000000000e+02	5.69540000000000e+02
28	55	37	46	0.00000000000000e+00	2.02954000000000e+02	4.13760000000000e+02
28	52	36	44	0.00000000000000e+00	2.03167000000000e+02	3.15720000000000e+02
28	49	35	42	1.00000000000000e-01	2.01565000000000e+02	2.41600000000000e+02
28	46	34	40	0.00000000000000e+00	1.99740000000000e+02	1.75870000000000e+02
28	43	33	38	1.00000000000000e-01	1.99470000000000e+02	1.28780000000000e+02
28	40	32	36	1.00000000000000e-01	1.92519000000000e+02	9.67000000000000e+01
28	37	31	34	1.00000000000000e-01	1.91568000000000e+02	6.94000000000000e+01
28	34	30	32	2.00000000000000e-01	1.92110000000000e+02	4.31900000000000e+01
28	31	29	30	3.00000000000000e-01	1.93894000000000e+02	3.23400000000000e+01
29	71	43	57	0.00000000000000e+00	8.88800000000000e+01	4.65310000000000e+02
29	68	42	55	0.00000000000000e+00	1.24516000000000e+02	5.81950000000000e+02
29	65	41	53	0.00000000000000e+00	1.35649000000000e+02	5.44590000000000e+02
29	62	40	51	0.00000000000000e+00	2.06249000000000e+02	7.35560000000000e+02
29	59	39	49	0.00000000000000e+00	2.04399000000000e+02	5.89750000000000e+02
29	56	38	47	1.00000000000000e-01	2.02096000000000e+02	4.27990000000000e+02
29	53	37	45	1.00000000000000e-01	2.01512000000000e+02	3.25040000000000e+02
29	50	36	43	1.00000000000000e-01	1.96259000000000e+02	2.37450000000000e+02
29	47	35	41	2.00000000000000e-01	1.97556000000000e+02	1.81700000000000e+02
29	44	34	39	2.00000000000000e-01	1.96539000000000e+02	1.24890000000000e+02
29	41	33	37	4.00000000000000e-01	1.85099000000000e+02	9.19600000000000e+01
29	38	32	35	4.00000000000000e-01	1.81219000000000e+02	6.67500000000000e+01
29	35	31	33	4.00000000000000e-01	1.86844000000000e+02	4.76900000000000e+01
29	32	30	31	3.00000000000000e-01	1.90999000000000e+02	3.02500000000000e+01
30	72	44	58	0.00000000000000e+00	9.14970000000000e+01	4.77220000000000e+02
30	69	43	56	1.00000000000000e-01	9.84170000000000e+01	4.59460000000000e+02
30	66	42	54	0.00000000000000e+00	1.33551000000000e+02	5.28570000000000e+02
30	63	41	52	1.00000000000000e-01	2.06767000000000e+02	7.34340000000000e+02
30	60	40	50	1.00000000000000e-01	2.03950000000000e+02	5.91480000000000e+02
30	57	39	48	1.00000000000000e-01	2.02774000000000e+02	4.47440000000000e+02
30	54	38	46	1.00000000000000e-01	2.01976000000000e+02	3.37290000000000e+02
30	51	37	44	1.00000000000000e-01	1.97608000000000e+02	2.37160000000000e+02
30	48	36	42	2.00000000000000e-01	1.96283000000000e+02	1.83350000000000e+02
30	45	35	40	2.00000000000000e-01	1.95459000000000e+02	1.27500000000000e+02
30	42	34	38	2.00000000000000e-01	1.84401000000000e+02	8.45700000000000e+01
30	39	33	36	4.00000000000000e-01	1.84185000000000e+02	6.58800000000000e+01
30	36	32	34	3.00000000000000e-01	1.89919000000000e+02	5.21500000000000e+01
30	33	31	32	3.00000000000000e-01	1.91096000000000e+02	3.49100000000000e+01
31	70	44	57	0.00000000000000e+00	1.00012000000000e+02	4.60520000000000e+02
31	67	43	55	1.00000000000000e-01	1.27555000000000e+02	5.10220000000000e+02
31	64	42	53	1.00000000000000e-01	1.40996000000000e+02	4.77080000000000e+02
31	61	41	51	1.00000000000000e-01	2.05929000000000e+02	5.92380000000000e+02
31	58	40	49	0.00000000000000e+00	2.04725000000000e+02	4.70580000000000e+02
31	55	39	47	0.00000000000000e+00	2.03307000000000e+02	3.41390000000000e+02
31	52	38	45	0.00000000000000e+00	2.00573000000000e+02	2.53490000000000e+02
31	49	37	43	1.00000000000000e-01	1.97062000000000e+02	1.80650000000000e+02
31	46	36	41	1.00000000000000e-01	1.94992000000000e+02	1.34160000000000e+02
31	43	35	39	2.00000000000000e-01	1.92023000000000e+02	9.00700000000000e+01
31	40	34	37	2.00000000000000e-01	1.88928000000000e+02	6.64600000000000e+01
31	37	33	35	4.00000000000000e-01	1.88480000000000e+02	4.67400000000000e+01
31	34	32	33	4.00000000000000e-01	1.90132000000000e+02	3.63200000000000e+01
32	71	45	58	0.00000000000000e+00	1.01190000000000e+02	4.61650000000000e+02
32	68	44	56	1.00000000000000e-01	1.41870000000000e+02	5.74720000000000e+02
32	65	43	54	0.00000000000000e+00	1.59053000000000e+02	5.39380000000000e+02
32	62	42	52	0.00000000000000e+00	2.03304000000000e+02	6.00070000000000e+02
32	59	41	50	0.00000000000000e+00	2.03067000000000e+02	4.78630000000000e+02
32	56	40	48	1.00000000000000e-01	2.01372000000000e+02	3.50020000000000e+02
32	53	39	46	1.00000000000000e-01	2.00346000000000e+02	2.67360000000000e+02
32	50	38	44	1.00000000000000e-01	1.95030000000000e+02	1.91680000000000e+02
32	47	37	42	2.00000000000000e-01	1.95417000000000e+02	1.40140000000000e+02
32	44	36	40	2.00000000000000e-01	1.93684000000000e+02	9.74500000000000e+01
32	41	35	38	3.00000000000000e-01	1.84716000000000e+02	6.40500000000000e+01
32	38	34	36	4.00000000000000e-01	1.87264000000000e+02	4.68500000000000e+01
32	35	33	34	3.00000000000000e-01	1.90573000000000e+02	3.91300000000000e+01
33	72	46	59	0.00000000000000e+00	1.02958000000000e+02	4.83420000000000e+02
33	69	45	57	0.00000000000000e+00	1.14917000000000e+02	4.65540000000000e+02
33	66	44	55	0.00000000000000e+00	1.58948000000000e+02	5.37860000000000e+02
33	63	43	53	0.00000000000000e+00	2.04626000000000e+02	5.84590000000000e+02
33	60	42	51	1.00000000000000e-01	2.02440000000000e+02	4.83550000000000e+02
33	57	41	49	1.00000000000000e-01	2.00854000000000e+02	3.64890000000000e+02
33	54	40	47	1.00000000000000e-01	2.00531000000000e+02	2.69130000000000e+02
33	51	39	45	2.00000000000000e-01	1.94064000000000e+02	1.98870000000000e+02
33	48	38	43	3.00000000000000e-01	1.91986000000000e+02	1.48930000000000e+02
33	45	37	41	2.00000000000000e-01	1.90696000000000e+02	9.97000000000000e+01
33	42	36	39	3.00000000000000e-01	1.84174000000000e+02	6.81700000000000e+01
33	39	35	37	3.00000000000000e-01	1.84473000000000e+02	5.18000000000000e+01
33	36	34	35	2.00000000000000e-01	1.92654000000000e+02	3.33500000000000e+01
34	70	46	58	0.00000000000000e+00	1.18254000000000e+02	4.78170000000000e+02
34	67	45	56	1.00000000000000e-01	1.53497000000000e+02	5.33720000000000e+02
34	64	44	54	0.00000000000000e+00	1.71587000000000e+02	4.95970000000000e+02
34	61	43	52	0.00000000000000e+00	2.03183000000000e+02	4.89050000000000e+02
34	58	42	50	1.00000000000000e-01	2.01733000000000e+02	3.81570000000000e+02
34	55	41	48	1.00000000000000e-01	1.99184000000000e+02	2.72510000000000e+02
34	52	40	46	2.00000000000000e-01	1.94377000000000e+02	1.96680000000000e+02
34	49	39	44	3.00000000000000e-01	1.90351000000000e+02	1.49350000000000e+02
34	46	38	42	3.00000000000000e-01	1.88339000000000e+02	1.10280000000000e+02
34	43	37	40	2.00000000000000e-01	1.89822000000000e+02	7.16500000000000e+01
34	40	36	38	3.00000000000000e-01	1.88548000000000e+02	5.09000000000000e+01
34	37	35	36	3.00000000000000e-01	1.89709000000000e+02	3.35000000000000e+01
35	71	47	59	0.00000000000000e+00	1.15903000000000e+02	4.63850000000000e+02
35	68	46	57	0.00000000000000e+00	1.70546000000000e+02	5.79890000000000e+02
35	65	45	55	0.00000000000000e+00	1.95124000000000e+02	5.42060000000000e+02
35	62	44	53	1.00000000000000e-01	2.03030000000000e+02	4.60460000000000e+02
35	59	43	51	1.00000000000000e-01	2.01906000000000e+02	3.75060000000000e+02
35	56	42	49	1.00000000000000e-01	1.99414000000000e+02	2.71900000000000e+02
35	53	41	47	1.00000000000000e-01	1.97308000000000e+02	1.97110000000000e+02
35	50	40	45	2.00000000000000e-01	1.90322000000000e+02	1.45340000000000e+02
35	47	39	43	2.00000000000000e-01	1.92133000000000e+02	1.13090000000000e+02
35	44	38	41	2.00000000000000e-01	1.90778000000000e+02	7.91700000000000e+01
35	41	37	39	4.00000000000000e-01	1.86495000000000e+02	4.82000000000000e+01
35	38	36	37	3.00000000000000e-01	1.88639000000000e+02	3.82700000000000e+01
36	72	48	60	0.00000000000000e+00	1.18540000000000e+02	4.71550000000000e+02
36	69	47	58	0.00000000000000e+00	1.37431000000000e+02	4.56110000000000e+02
36	66	46	56	1.00000000000000e-01	1.92038000000000e+02	5.21330000000000e+02
36	63	45	54	0.00000000000000e+00	2.04343000000000e+02	4.53960000000000e+02
36	60	44	52	1.00000000000000e-01	2.02628000000000e+02	3.69020000000000e+02
36	57	43	50	1.00000000000000e-01	2.00593000000000e+02	2.72670000000000e+02
36	54	42	48	1.00000000000000e-01	1.98915000000000e+02	1.97530000000000e+02
36	51	41	46	1.00000000000000e-01	1.92552000000000e+02	1.39920000000000e+02
36	48	40	44	2.00000000000000e-01	1.90020000000000e+02	1.08520000000000e+02
36	45	39	42	2.00000000000000e-01	1.89216000000000e+02	7.96100000000000e+01
36	42	38	40	2.00000000000000e-01	1.87164000000000e+02	5.55200000000000e+01
36	39	37	38	4.00000000000000e-01	1.91980000000000e+02	3.28800000000000e+01
37	70	48	59	0.00000000000000e+00	1.45723000000000e+02	4.79770000000000e+02
37	67	47	57	0.00000000000000e+00	1.92234000000000e+02	5.35320000000000e+02
37	64	46	55	1.00000000000000e-01	2.06640000000000e+02	4.66740000000000e+02
37	61	45	53	0.00000000000000e+00	2.01062000000000e+02	3.48250000000000e+02
37	58	44	51	1.00000000000000e-01	1.99476000000000e+02	2.82270000000000e+02
37	55	43	49	2.00000000000000e-01	1.96025000000000e+02	2.01320000000000e+02
37	52	42	47	2.00000000000000e-01	1.88932000000000e+02	1.36710000000000e+02
37	49	41	45	3.00000000000000e-01	1.83483000000000e+02	1.05040000000000e+02
37	46	40	43	3.00000000000000e-01	1.81079000000000e+02	7.99400000000000e+01
37	43	39	41	2.00000000000000e-01	1.89440000000000e+02	6.26600000000000e+01
37	40	38	39	4.00000000000000e-01	1.89103000000000e+02	4.28000000000000e+01
38	71	49	60	0.00000000000000e+00	1.47714000000000e+02	4.70280000000000e+02
38	68	48	58	0.00000000000000e+00	2.05483000000000e+02	5.39630000000000e+02
38	65	47	56	1.00000000000000e-01	2.05488000000000e+02	4.48610000000000e+02
38	62	46	54	1.00000000000000e-01	2.02275000000000e+02	3.48230000000000e+02
38	59	45	52	1.00000000000000e-01	1.98637000000000e+02	2.72430000000000e+02
38	56	44	50	1.00000000000000e-01	1.94787000000000e+02	1.95600000000000e+02
38	53	43	48	1.00000000000000e-01	1.92516000000000e+02	1.41320000000000e+02
38	50	42	46	4.00000000000000e-01	1.76203000000000e+02	9.48400000000000e+01
38	47	41	44	2.00000000000000e-01	1.84487000000000e+02	7.81200000000000e+01
38	44	40	42	2.00000000000000e-01	1.90457000000000e+02	6.12300000000000e+01
38	41	39	40	4.00000000000000e-01	1.85026000000000e+02	4.31100000000000e+01
39	72	50	61	0.00000000000000e+00	1.51903000000000e+02	4.86950000000000e+02
39	69	49	59	0.00000000000000e+00	1.81229000000000e+02	4.69920000000000e+02
39	66	48	57	1.00000000000000e-01	2.05703000000000e+02	4.31040000000000e+02
39	63	47	55	0.00000000000000e+00	2.03628000000000e+02	3.56230000000000e+02
39	60	46	53	2.00000000000000e-01	1.97132000000000e+02	2.60950000000000e+02
39	57	45	51	2.00000000000000e-01	1.94258000000000e+02	1.99260000000000e+02
39	54	44	49	2.00000000000000e-01	1.93490000000000e+02	1.48090000000000e+02
39	51	43	47	5.00000000000000e-01	1.75183000000000e+02	9.40200000000000e+01
39	48	42	45	5.00000000000000e-01	1.77947000000000e+02	7.78500000000000e+01
39	45	41	43	3.00000000000000e-01	1.87358000000000e+02	6.07800000000000e+01
39	42	40	41	2.00000000000000e-01	1.86183000000000e+02	4.92000000000000e+01
40	70	50	60	0.00000000000000e+00	1.78597000000000e+02	4.66290000000000e+02
40	67	49	58	0.00000000000000e+00	2.05054000000000e+02	4.28470000000000e+02
40	64	48	56	1.00000000000000e-01	2.05598000000000e+02	3.57560000000000e+02
40	61	47	54	1.00000000000000e-01	2.00767000000000e+02	2.72520000000000e+02
40	58	46	52	1.00000000000000e-01	1.98801000000000e+02	2.16300000000000e+02
40	55	45	50	2.00000000000000e-01	1.95053000000000e+02	1.52270000000000e+02
40	52	44	48	2.00000000000000e-01	1.88269000000000e+02	1.05300000000000e+02
40	49	43	46	3.00000000000000e-01	1.82607000000000e+02	7.81700000000000e+01
40	46	42	44	2.00000000000000e-01	1.86606000000000e+02	6.34800000000000e+01
40	43	41	42	2.00000000000000e-01	1.92497000000000e+02	4.97500000000000e+01
41	71	51	61	0.00000000000000e+00	1.75084000000000e+02	4.63370000000000e+02
41	68	50	59	0.00000000000000e+00	2.05983000000000e+02	4.32750000000000e+02
41	65	49	57	0.00000000000000e+00	2.05301000000000e+02	3.46010000000000e+02
41	62	48	55	0.00000000000000e+00	2.00846000000000e+02	2.75700000000000e+02
41	59	47	53	1.00000000000000e-01	1.96780000000000e+02	2.10130000000000e+02
41	56	46	51	1.00000000000000e-01	1.93067000000000e+02	1.58470000000000e+02
41	53	45	49	3.00000000000000e-01	1.90511000000000e+02	1.16280000000000e+02
41	50	44	47	4.00000000000000e-01	1.77252000000000e+02	7.68900000000000e+01
41	47	43	45	3.00000000000000e-01	1.86986000000000e+02	6.87200000000000e+01
41	44	42	43	3.00000000000000e-01	1.92583000000000e+02	5.29300000000000e+01
42	72	52	62	0.00000000000000e+00	1.78361000000000e+02	4.78090000000000e+02
42	69	51	60	0.00000000000000e+00	2.03308000000000e+02	4.33790000000000e+02
42	66	50	58	0.00000000000000e+00	2.04890000000000e+02	3.29340000000000e+02
42	63	49	56	1.00000000000000e-01	2.02728000000000e+02	2.74300000000000e+02
42	60	48	54	2.00000000000000e-01	1.96796000000000e+02	2.07550000000000e+02
42	57	47	52	2.00000000000000e-01	1.94437000000000e+02	1.66660000000000e+02
42	54	46	50	2.00000000000000e-01	1.92592000000000e+02	1.22730000000000e+02
42	51	45	48	2.00000000000000e-01	1.78532000000000e+02	7.99100000000000e+01
42	48	44	46	4.00000000000000e-01	1.82702000000000e+02	6.57000000000000e+01
42	45	43	44	3.00000000000000e-01	1.90006000000000e+02	5.05600000000000e+01
43	70	52	61	0.00000000000000e+00	2.03908000000000e+02	4.35470000000000e+02
43	67	51	59	0.00000000000000e+00	2.04809000000000e+02	3.40610000000000e+02
43	64	50	57	0.00000000000000e+00	2.03602000000000e+02	2.69360000000000e+02
43	61	49	55	0.00000000000000e+00	2.00776000000000e+02	2.07460000000000e+02
43	58	48	53	1.00000000000000e-01	1.98630000000000e+02	1.60120000000000e+02
43	55	47	51	1.00000000000000e-01	1.96089000000000e+02	1.29850000000000e+02
43	52	46	49	2.00000000000000e-01	1.89219000000000e+02	9.13400000000000e+01
43	49	45	47	2.00000000000000e-01	1.88451000000000e+02	6.49700000000000e+01
43	46	44	45	2.00000000000000e-01	1.90834000000000e+02	5.55300000000000e+01
44	71	53	62	0.00000000000000e+00	1.96342000000000e+02	4.37460000000000e+02
44	68	52	60	0.00000000000000e+00	2.06022000000000e+02	3.45190000000000e+02
44	65	51	58	0.00000000000000e+00	2.03987000000000e+02	2.58540000000000e+02
44	62	50	56	1.00000000000000e-01	2.00355000000000e+02	2.06340000000000e+02
44	59	49	54	1.00000000000000e-01	1.98104000000000e+02	1.58310000000000e+02
44	56	48	52	1.00000000000000e-01	1.95645000000000e+02	1.27030000000000e+02
44	53	47	50	2.00000000000000e-01	1.93926000000000e+02	1.02260000000000e+02
44	50	46	48	3.00000000000000e-01	1.87859000000000e+02	7.03300000000000e+01
44	47	45	46	2.00000000000000e-01	1.92625000000000e+02	5.24500000000000e+01
45	72	54	63	0.00000000000000e+00	1.98971000000000e+02	4.60660000000000e+02
45	69	53	61	0.00000000000000e+00	2.06211000000000e+02	3.67600000000000e+02
45	66	52	59	0.00000000000000e+00	2.02251000000000e+02	2.52620000000000e+02
45	63	51	57	1.00000000000000e-01	2.01838000000000e+02	2.06000000000000e+02
45	60	50	55	1.00000000000000e-01	1.95960000000000e+02	1.54620000000000e+02
45	57	49	53	1.00000000000000e-01	1.91972000000000e+02	1.13750000000000e+02
45	54	48	51	1.00000000000000e-01	1.92075000000000e+02	1.00220000000000e+02
45	51	47	49	2.00000000000000e-01	1.84265000000000e+02	7.76400000000000e+01
45	48	46	47	2.00000000000000e-01	1.87555000000000e+02	5.54700000000000e+01
46	70	54	62	1.00000000000000e-01	2.08848000000000e+02	3.68680000000000e+02
46	67	53	60	0.00000000000000e+00	2.04575000000000e+02	2.80160000000000e+02
46	64	52	58	0.00000000000000e+00	2.04836000000000e+02	2.00770000000000e+02
46	61	51	56	1.00000000000000e-01	1.94631000000000e+02	1.50790000000000e+02
46	58	50	54	2.00000000000000e-01	1.88172000000000e+02	1.12280000000000e+02
46	55	49	52	4.00000000000000e-01	1.82588000000000e+02	9.11400000000000e+01
46	52	48	50	4.00000000000000e-01	1.79506000000000e+02	7.29900000000000e+01
46	49	47	48	4.00000000000000e-01	1.81982000000000e+02	5.92500000000000e+01
47	71	55	63	0.00000000000000e+00	2.04855000000000e+02	3.69760000000000e+02
47	68	54	61	0.00000000000000e+00	2.04667000000000e+02	2.79570000000000e+02
47	65	53	59	0.00000000000000e+00	2.03215000000000e+02	2.05930000000000e+02
47	62	52	57	2.00000000000000e-01	1.96763000000000e+02	1.49280000000000e+02
47	59	51	55	3.00000000000000e-01	1.90292000000000e+02	1.13350000000000e+02
47	56	50	53	3.00000000000000e-01	1.83228000000000e+02	7.94100000000000e+01
47	53	49	51	2.00000000000000e-01	1.85853000000000e+02	7.56400000000000e+01
47	50	48	49	3.00000000000000e-01	1.83411000000000e+02	6.35400000000000e+01
48	72	56	64	0.00000000000000e+00	2.05910000000000e+02	3.90030000000000e+02
48	69	55	62	1.00000000000000e-01	2.03149000000000e+02	2.84650000000000e+02
48	66	54	60	0.00000000000000e+00	2.03679000000000e+02	2.07790000000000e+02
48	63	53	58	1.00000000000000e-01	1.98524000000000e+02	1.57480000000000e+02
48	60	52	56	4.00000000000000e-01	1.83983000000000e+02	1.08980000000000e+02
48	57	51	54	4.00000000000000e-01	1.77945000000000e+02	7.97500000000000e+01
48	54	50	52	4.00000000000000e-01	1.83750000000000e+02	7.38300000000000e+01
48	51	49	50	4.00000000000000e-01	1.78366000000000e+02	5.83000000000000e+01
49	70	56	63	1.00000000000000e-01	2.02310000000000e+02	2.94820000000000e+02
49	67	55	61	0.00000000000000e+00	2.02703000000000e+02	2.21960000000000e+02
49	64	54	59	0.00000000000000e+00	2.03358000000000e+02	1.65120000000000e+02
49	61	53	57	2.00000000000000e-01	1.89084000000000e+02	1.18850000000000e+02
49	58	52	55	3.00000000000000e-01	1.77672000000000e+02	8.24500000000000e+01
49	55	51	53	3.00000000000000e-01	1.80693000000000e+02	6.33000000000000e+01
49	52	50	51	3.00000000000000e-01	1.78484000000000e+02	5.84700000000000e+01
50	71	57	64	1.00000000000000e-01	2.00840000000000e+02	3.06490000000000e+02
50	68	56	62	0.00000000000000e+00	2.02717000000000e+02	2.24170000000000e+02
50	65	55	60	0.00000000000000e+00	2.01542000000000e+02	1.65660000000000e+02
50	62	54	58	2.00000000000000e-01	1.91829000000000e+02	1.17640000000000e+02
50	59	53	56	3.00000000000000e-01	1.73784000000000e+02	8.87800000000000e+01
50	56	52	54	3.00000000000000e-01	1.77689000000000e+02	6.11500000000000e+01
50	53	51	52	2.00000000000000e-01	1.81060000000000e+02	6.37900000000000e+01
51	72	58	65	0.00000000000000e+00	2.01150000000000e+02	3.34990000000000e+02
51	69	57	63	0.00000000000000e+00	2.02289000000000e+02	2.34240000000000e+02
51	66	56	61	0.00000000000000e+00	2.01058000000000e+02	1.61290000000000e+02
51	63	55	59	1.00000000000000e-01	1.95715000000000e+02	1.21570000000000e+02
51	60	54	57	3.00000000000000e-01	1.74313000000000e+02	8.41100000000000e+01
51	57	53	55	3.00000000000000e-01	1.77497000000000e+02	6.92800000000000e+01
51	54	52	53	1.00000000000000e-01	1.86055000000000e+02	4.83400000000000e+01
52	70	58	64	1.00000000000000e-01	2.01941000000000e+02	2.45840000000000e+02
52	67	57	62	0.00000000000000e+00	2.01228000000000e+02	1.72720000000000e+02
52	64	56	60	1.00000000000000e-01	2.01981000000000e+02	1.28290000000000e+02
52	61	55	58	2.00000000000000e-01	1.81741000000000e+02	8.32200000000000e+01
52	58	54	56	3.00000000000000e-01	1.79946000000000e+02	7.03900000000000e+01
52	55	53	54	2.00000000000000e-01	1.81216000000000e+02	6.10800000000000e+01
53	71	59	65	1.00000000000000e-01	2.02234000000000e+02	2.43390000000000e+02
53	68	58	63	0.00000000000000e+00	2.02073000000000e+02	1.74560000000000e+02
53	65	57	61	0.00000000000000e+00	2.00551000000000e+02	1.19860000000000e+02
53	62	56	59	2.00000000000000e-01	1.86377000000000e+02	8.11700000000000e+01
53	59	55	57	3.00000000000000e-01	1.83248000000000e+02	6.42600000000000e+01
53	56	54	55	3.00000000000000e-01	1.85802000000000e+02	5.14700000000000e+01
54	72	60	66	0.00000000000000e+00	2.03677000000000e+02	2.56550000000000e+02
54	69	59	64	0.00000000000000e+00	2.03062000000000e+02	1.80580000000000e+02
54	66	58	62	0.00000000000000e+00	2.00417000000000e+02	1.21770000000000e+02
54	63	57	60	2.00000000000000e-01	1.91627000000000e+02	8.84100000000000e+01
54	60	56	58	5.00000000000000e-01	1.82903000000000e+02	5.90700000000000e+01
54	57	55	56	4.00000000000000e-01	1.86107000000000e+02	5.12600000000000e+01
55	70	60	65	0.00000000000000e+00	2.01013000000000e+02	1.78770000000000e+02
55	67	59	63	0.00000000000000e+00	2.00357000000000e+02	1.31540000000000e+02
55	64	58	61	1.00000000000000e-01	2.00347000000000e+02	9.71800000000000e+01
55	61	57	59	3.00000000000000e-01	1.85644000000000e+02	6.13900000000000e+01
55	58	56	57	3.00000000000000e-01	1.86167000000000e+02	4.71800000000000e+01
56	71	61	66	0.00000000000000e+00	2.02615000000000e+02	1.85720000000000e+02
56	68	60	64	1.00000000000000e-01	1.99047000000000e+02	1.29670000000000e+02
56	65	59	62	0.00000000000000e+00	1.98300000000000e+02	9.44500000000000e+01
56	62	58	60	2.00000000000000e-01	1.87061000000000e+02	6.96000000000000e+01
56	59	57	58	2.00000000000000e-01	1.83950000000000e+02	4.44800000000000e+01
57	72	62	67	0.00000000000000e+00	2.05034000000000e+02	1.83290000000000e+02
57	69	61	65	0.00000000000000e+00	2.00096000000000e+02	1.29760000000000e+02
57	66	60	63	1.00000000000000e-01	1.98133000000000e+02	8.91100000000000e+01
57	63	59	61	1.00000000000000e-01	1.91278000000000e+02	7.04300000000000e+01
57	60	58	59	3.00000000000000e-01	1.82354000000000e+02	4.73300000000000e+01
58	70	62	66	0.00000000000000e+00	2.00706000000000e+02	1.33310000000000e+02
58	67	61	64	1.00000000000000e-01	1.98184000000000e+02	9.12800000000000e+01
58	64	60	62	0.00000000000000e+00	1.98494000000000e+02	6.90200000000000e+01
58	61	59	60	2.00000000000000e-01	1.87193000000000e+02	5.06800000000000e+01
59	71	63	67	1.00000000000000e-01	1.99848000000000e+02	1.23850000000000e+02
59	68	62	65	0.00000000000000e+00	1.98240000000000e+02	9.68800000000000e+01
59	65	61	63	1.00000000000000e-01	1.97621000000000e+02	6.83700000000000e+01
59	62	60	61	2.00000000000000e-01	1.89183000000000e+02	5.05200000000000e+01
60	72	64	68	0.00000000000000e+00	2.02267000000000e+02	1.37810000000000e+02
60	69	63	66	0.00000000000000e+00	1.99675000000000e+02	1.01930000000000e+02
60	66	62	64	0.00000000000000e+00	1.98513000000000e+02	6.95800000000000e+01
60	63	61	62	2.00000000000000e-01	1.92919000000000e+02	4.92600000000000e+01
61	70	64	67	0.00000000000000e+00	1.99238000000000e+02	9.05800000000000e+01
61	67	63	65	1.00000000000000e-01	1.99392000000000e+02	7.43900000000000e+01
61	64	62	63	0.00000000000000e+00	1.99950000000000e+02	5.57000000000000e+01
62	71	65	68	0.00000000000000e+00	2.00039000000000e+02	9.18800000000000e+01
62	68	64	66	0.00000000000000e+00	1.98268000000000e+02	7.83200000000000e+01
62	65	63	64	1.00000000000000e-01	1.98398000000000e+02	5.16500000000000e+01
63	72	66	69	0.00000000000000e+00	1.99746000000000e+02	9.14900000000000e+01
63	69	65	67	0.00000000000000e+00	2.01650000000000e+02	6.56500000000000e+01
63	66	64	65	0.00000000000000e+00	1.99040000000000e+02	4.96000000000000e+01
64	70	66	68	1.00000000000000e-01	2.34893000000000e+02	7.45300000000000e+01
64	67	65	66	0.00000000000000e+00	2.00038000000000e+02	4.89700000000000e+01
65	71	67	69	2.00000000000000e-01	1.80315000000000e+02	6.20400000000000e+01
65	68	66	67	0.00000000000000e+00	2.01608000000000e+02	3.55500000000000e+01
66	72	68	70	1.00000000000000e-01	2.31841000000000e+02	8.51100000000000e+01
66	69	67	68	0.00000000000000e+00	2.00306000000000e+02	4.39100000000000e+01
67	70	68	69	2.00000000000000e-01	1.86612000000000e+02	3.29300000000000e+01
68	71	69	70	2.00000000000000e-01	1.87579000000000e+02	3.44200000000000e+01
69	72	70	71	2.00000000000000e-01	1.83265000000000e+02	3.64100000000000e+01
0
