141
# x y z
0	0	0
2	0	0
4	0	0
6	0	0
8	0	0
10	0	0
12	0	0
14	0	0
16	0	0
18	0	0
20	0	0
22	0	0
24	0	0
26	0	0
28	0	0
30	0	0
32	0	0
34	0	0
36	0	0
38	0	0
40	0	0
42	0	0
44	0	0
46	0	0
48	0	0
50	0	0
52	0	0
54	0	0
56	0	0
58	0	0
60	0	0
62	0	0
64	0	0
66	0	0
68	0	0
70	0	0
72	0	0
74	0	0
76	0	0
78	0	0
80	0	0
82	0	0
84	0	0
86	0	0
88	0	0
90	0	0
92	0	0
94	0	0
96	0	0
98	0	0
100	0	0
102	0	0
104	0	0
106	0	0
108	0	0
110	0	0
112	0	0
114	0	0
116	0	0
118	0	0
120	0	0
122	0	0
124	0	0
126	0	0
128	0	0
130	0	0
132	0	0
134	0	0
136	0	0
138	0	0
140	0	0
142	0	0
144	0	0
146	0	0
148	0	0
150	0	0
152	0	0
154	0	0
156	0	0
158	0	0
160	0	0
162	0	0
164	0	0
166	0	0
168	0	0
170	0	0
172	0	0
174	0	0
176	0	0
178	0	0
180	0	0
182	0	0
184	0	0
186	0	0
188	0	0
190	0	0
192	0	0
194	0	0
196	0	0
198	0	0
200	0	0
202	0	0
204	0	0
206	0	0
208	0	0
210	0	0
212	0	0
214	0	0
216	0	0
218	0	0
220	0	0
222	0	0
224	0	0
226	0	0
228	0	0
230	0	0
232	0	0
234	0	0
236	0	0
238	0	0
240	0	0
242	0	0
244	0	0
246	0	0
248	0	0
250	0	0
252	0	0
254	0	0
256	0	0
258	0	0
260	0	0
262	0	0
264	0	0
266	0	0
268	0	0
270	0	0
272	0	0
274	0	0
276	0	0
278	0	0
280	0	0
934
# a b m n err u i
1	4	2	3	0.00000000000000e+00	3.88935000000000e-01	2.01907000000000e-02
2	5	3	4	0.00000000000000e+00	2.97775000000000e-01	2.01920000000000e-02
1	7	3	5	0.00000000000000e+00	2.96280000000000e-01	2.01904000000000e-02
3	6	4	5	0.00000000000000e+00	3.40424000000000e-01	2.01913000000000e-02
2	8	4	6	0.00000000000000e+00	2.81737000000000e-01	2.01890000000000e-02
1	10	4	7	3.16227766016838e-01	2.56115000000000e-01	2.01876000000000e-02
4	7	5	6	0.00000000000000e+00	2.99785000000000e-01	2.01913000000000e-02
3	9	5	7	3.16227766016838e-01	2.68044000000000e-01	2.01864000000000e-02
5	8	6	7	0.00000000000000e+00	3.05529000000000e-01	2.01923000000000e-02
2	11	5	8	3.16227766016838e-01	2.49761000000000e-01	2.01861000000000e-02
4	10	6	8	0.00000000000000e+00	2.82389000000000e-01	2.01890000000000e-02
1	13	5	9	3.16227766016838e-01	2.07386000000000e-01	2.01810000000000e-02
3	12	6	9	3.16227766016838e-01	2.52608000000000e-01	2.01789000000000e-02
6	9	7	8	3.16227766016838e-01	3.18094000000000e-01	2.01893000000000e-02
5	11	7	9	3.16227766016838e-01	3.06718000000000e-01	2.01852000000000e-02
7	10	8	9	0.00000000000000e+00	3.23546000000000e-01	2.01914000000000e-02
4	13	7	10	3.16227766016838e-01	2.36607000000000e-01	2.01824000000000e-02
3	15	7	11	3.16227766016838e-01	1.86671000000000e-01	2.01762000000000e-02
6	12	8	10	0.00000000000000e+00	2.97255000000000e-01	2.01804000000000e-02
8	11	9	10	0.00000000000000e+00	3.45685000000000e-01	2.01909000000000e-02
5	14	8	11	4.47213595499958e-01	2.40431000000000e-01	2.01683000000000e-02
1	19	7	13	3.16227766016838e-01	1.45912000000000e-01	2.01738000000000e-02
7	13	9	11	0.00000000000000e+00	3.13768000000000e-01	2.01798000000000e-02
6	15	9	12	3.16227766016838e-01	2.56302000000000e-01	2.01823000000000e-02
9	12	10	11	0.00000000000000e+00	4.86952000000000e-01	2.01846000000000e-02
8	14	10	12	4.47213595499958e-01	3.71758000000000e-01	2.01646000000000e-02
5	17	9	13	3.16227766016838e-01	2.12953000000000e-01	2.01801000000000e-02
10	13	11	12	0.00000000000000e+00	6.14402000000000e-01	2.01831000000000e-02
7	16	10	13	3.16227766016838e-01	2.81450000000000e-01	2.01811000000000e-02
9	15	11	13	0.00000000000000e+00	4.31889000000000e-01	2.01780000000000e-02
3	21	9	15	3.16227766016838e-01	1.70883000000000e-01	2.01768000000000e-02
11	14	12	13	3.16227766016838e-01	7.94260000000000e-01	2.01722000000000e-02
8	17	11	14	3.16227766016838e-01	3.31641000000000e-01	2.01903000000000e-02
10	16	12	14	3.16227766016838e-01	4.64562000000000e-01	2.01803000000000e-02
7	19	11	15	3.16227766016838e-01	2.96163000000000e-01	2.01771000000000e-02
1	25	9	17	3.16227766016838e-01	1.20136000000000e-01	2.01770000000000e-02
12	15	13	14	0.00000000000000e+00	9.63171000000000e-01	2.01746000000000e-02
9	18	12	15	3.16227766016838e-01	3.68584000000000e-01	2.01885000000000e-02
11	17	13	15	3.16227766016838e-01	4.95233000000000e-01	2.01833000000000e-02
5	23	11	17	3.16227766016838e-01	1.85799000000000e-01	2.01708000000000e-02
13	16	14	15	0.00000000000000e+00	8.84486000000000e-01	2.01757000000000e-02
10	19	13	16	3.16227766016838e-01	3.68384000000000e-01	2.01826000000000e-02
9	21	13	17	3.16227766016838e-01	2.46553000000000e-01	2.01840000000000e-02
12	18	14	16	3.16227766016838e-01	4.94900000000000e-01	2.01800000000000e-02
3	27	11	19	3.16227766016838e-01	1.17602000000000e-01	2.01796000000000e-02
14	17	15	16	3.16227766016838e-01	9.04110000000000e-01	2.01708000000000e-02
11	20	14	17	3.16227766016838e-01	3.23466000000000e-01	2.01838000000000e-02
13	19	15	17	0.00000000000000e+00	4.41654000000000e-01	2.01771000000000e-02
7	25	13	19	3.16227766016838e-01	1.56363000000000e-01	2.01774000000000e-02
1	31	11	21	4.47213595499958e-01	1.02363000000000e-01	2.01765000000000e-02
15	18	16	17	0.00000000000000e+00	6.00981000000000e-01	2.01829000000000e-02
12	21	15	18	0.00000000000000e+00	2.52590000000000e-01	2.01799000000000e-02
5	29	13	21	3.16227766016838e-01	1.20495000000000e-01	2.01754000000000e-02
14	20	16	18	3.16227766016838e-01	3.89833000000000e-01	2.01612000000000e-02
11	23	15	19	3.16227766016838e-01	1.79907000000000e-01	2.01835000000000e-02
16	19	17	18	0.00000000000000e+00	5.46054000000000e-01	2.01792000000000e-02
13	22	16	19	0.00000000000000e+00	2.21583000000000e-01	2.01809000000000e-02
15	21	17	19	0.00000000000000e+00	3.42643000000000e-01	2.01754000000000e-02
9	27	15	21	0.00000000000000e+00	1.25141000000000e-01	2.01799000000000e-02
3	33	13	23	3.16227766016838e-01	9.07673000000000e-02	2.01760000000000e-02
17	20	18	19	0.00000000000000e+00	5.08602000000000e-01	2.01888000000000e-02
14	23	17	20	6.32455532033676e-01	2.42906000000000e-01	2.01659000000000e-02
1	37	13	25	1.41421356237310e+00	6.71638000000000e-02	2.01677000000000e-02
16	22	18	20	0.00000000000000e+00	3.61681000000000e-01	2.01800000000000e-02
13	25	17	21	0.00000000000000e+00	1.81628000000000e-01	2.01748000000000e-02
7	31	15	23	3.16227766016838e-01	9.83096000000000e-02	2.01738000000000e-02
18	21	19	20	0.00000000000000e+00	4.44323000000000e-01	2.01883000000000e-02
15	24	18	21	0.00000000000000e+00	2.94647000000000e-01	2.01785000000000e-02
11	29	17	23	3.16227766016838e-01	9.45899000000000e-02	2.01816000000000e-02
5	35	15	25	3.16227766016838e-01	7.59948000000000e-02	2.01718000000000e-02
17	23	19	21	0.00000000000000e+00	4.10123000000000e-01	2.01855000000000e-02
19	22	20	21	0.00000000000000e+00	6.18900000000000e-01	2.01819000000000e-02
16	25	19	22	0.00000000000000e+00	2.86415000000000e-01	2.01790000000000e-02
3	39	15	27	4.47213595499958e-01	6.12142000000000e-02	2.01702000000000e-02
15	27	19	23	0.00000000000000e+00	1.94855000000000e-01	2.01786000000000e-02
9	33	17	25	3.16227766016838e-01	8.06966000000000e-02	2.01764000000000e-02
18	24	20	22	0.00000000000000e+00	3.58137000000000e-01	2.01829000000000e-02
17	26	20	23	0.00000000000000e+00	2.49513000000000e-01	2.01880000000000e-02
20	23	21	22	0.00000000000000e+00	3.48823000000000e-01	2.01889000000000e-02
7	37	17	27	5.47722557505166e-01	6.67157000000000e-02	2.01743000000000e-02
1	43	15	29	4.47213595499958e-01	5.27200000000000e-02	2.01586000000000e-02
13	31	19	25	3.16227766016838e-01	1.17230000000000e-01	2.01764000000000e-02
19	25	21	23	0.00000000000000e+00	2.49609000000000e-01	2.01845000000000e-02
18	27	21	24	0.00000000000000e+00	1.76388000000000e-01	2.01888000000000e-02
21	24	22	23	0.00000000000000e+00	3.88783000000000e-01	2.01872000000000e-02
20	26	22	24	0.00000000000000e+00	2.59934000000000e-01	2.01816000000000e-02
11	35	19	27	3.16227766016838e-01	8.40156000000000e-02	2.01689000000000e-02
5	41	17	29	4.47213595499958e-01	5.55356000000000e-02	2.01684000000000e-02
17	29	21	25	0.00000000000000e+00	1.45293000000000e-01	2.01817000000000e-02
22	25	23	24	0.00000000000000e+00	3.63951000000000e-01	2.01842000000000e-02
19	28	22	25	0.00000000000000e+00	1.77142000000000e-01	2.01816000000000e-02
3	45	17	31	4.47213595499958e-01	4.55102000000000e-02	2.01662000000000e-02
15	33	21	27	3.16227766016838e-01	1.23526000000000e-01	2.01745000000000e-02
21	27	23	25	0.00000000000000e+00	2.77924000000000e-01	2.01854000000000e-02
9	39	19	29	3.16227766016838e-01	6.57392000000000e-02	2.01758000000000e-02
23	26	24	25	0.00000000000000e+00	3.67286000000000e-01	2.01906000000000e-02
20	29	23	26	0.00000000000000e+00	1.88988000000000e-01	2.01853000000000e-02
22	28	24	26	3.16227766016838e-01	2.49377000000000e-01	2.01855000000000e-02
19	31	23	27	0.00000000000000e+00	1.62792000000000e-01	2.01758000000000e-02
7	43	19	31	4.47213595499958e-01	5.56412000000000e-02	2.01641000000000e-02
13	37	21	29	3.16227766016838e-01	7.54213000000000e-02	2.01627000000000e-02
1	49	17	33	4.47213595499958e-01	4.20271000000000e-02	2.01592000000000e-02
24	27	25	26	0.00000000000000e+00	3.53448000000000e-01	2.01885000000000e-02
21	30	24	27	3.16227766016838e-01	2.05951000000000e-01	2.01855000000000e-02
23	29	25	27	3.16227766016838e-01	2.27382000000000e-01	2.01876000000000e-02
17	35	23	29	3.16227766016838e-01	1.10706000000000e-01	2.01707000000000e-02
5	47	19	33	4.47213595499958e-01	5.07681000000000e-02	2.01672000000000e-02
11	41	21	31	4.47213595499958e-01	5.83409000000000e-02	2.01727000000000e-02
25	28	26	27	0.00000000000000e+00	2.96915000000000e-01	2.01868000000000e-02
22	31	25	28	3.16227766016838e-01	2.00043000000000e-01	2.01888000000000e-02
3	51	19	35	4.47213595499958e-01	4.37237000000000e-02	2.01596000000000e-02
15	39	23	31	0.00000000000000e+00	8.19045000000000e-02	2.01666000000000e-02
9	45	21	33	4.47213595499958e-01	5.45738000000000e-02	2.01707000000000e-02
24	30	26	28	0.00000000000000e+00	2.15325000000000e-01	2.01874000000000e-02
21	33	25	29	3.16227766016838e-01	1.50919000000000e-01	2.01803000000000e-02
26	29	27	28	0.00000000000000e+00	2.65828000000000e-01	2.01900000000000e-02
23	32	26	29	3.16227766016838e-01	1.57800000000000e-01	2.01887000000000e-02
7	49	21	35	4.47213595499958e-01	4.88411000000000e-02	2.01659000000000e-02
19	37	25	31	3.16227766016838e-01	8.66117000000000e-02	2.01720000000000e-02
13	43	23	33	1.04880884817015e+00	6.57965000000000e-02	2.01599000000000e-02
25	31	27	29	0.00000000000000e+00	1.86543000000000e-01	2.01861000000000e-02
1	55	19	37	6.32455532033676e-01	3.89572000000000e-02	2.01531000000000e-02
27	30	28	29	0.00000000000000e+00	1.62030000000000e-01	2.01890000000000e-02
24	33	27	30	0.00000000000000e+00	1.33970000000000e-01	2.01879000000000e-02
26	32	28	30	0.00000000000000e+00	1.53812000000000e-01	2.01875000000000e-02
23	35	27	31	3.16227766016838e-01	1.10918000000000e-01	2.01798000000000e-02
11	47	23	35	4.47213595499958e-01	5.48427000000000e-02	2.01697000000000e-02
5	53	21	37	5.47722557505166e-01	4.36576000000000e-02	2.01646000000000e-02
17	41	25	33	3.16227766016838e-01	7.73580000000000e-02	2.01687000000000e-02
28	31	29	30	0.00000000000000e+00	1.82938000000000e-01	2.01894000000000e-02
25	34	28	31	0.00000000000000e+00	1.37092000000000e-01	2.01846000000000e-02
21	39	27	33	4.47213595499958e-01	9.16515000000000e-02	2.01756000000000e-02
3	57	21	39	6.32455532033676e-01	3.76027000000000e-02	2.01547000000000e-02
27	33	29	31	0.00000000000000e+00	1.79428000000000e-01	2.01878000000000e-02
15	45	25	35	3.16227766016838e-01	6.59269000000000e-02	2.01661000000000e-02
9	51	23	37	4.47213595499958e-01	4.84221000000000e-02	2.01643000000000e-02
29	32	30	31	0.00000000000000e+00	2.38865000000000e-01	2.01939000000000e-02
26	35	29	32	0.00000000000000e+00	1.66345000000000e-01	2.01846000000000e-02
13	49	25	37	4.47213595499958e-01	5.32112000000000e-02	2.01642000000000e-02
25	37	29	33	3.16227766016838e-01	1.24674000000000e-01	2.01821000000000e-02
7	55	23	39	7.07106781186548e-01	4.27594000000000e-02	2.01647000000000e-02
1	61	21	41	3.16227766016838e-01	3.43995000000000e-02	2.01516000000000e-02
19	43	27	35	3.16227766016838e-01	6.91432000000000e-02	2.01633000000000e-02
28	34	30	32	0.00000000000000e+00	2.60663000000000e-01	2.01870000000000e-02
27	36	30	33	3.16227766016838e-01	1.86664000000000e-01	2.01879000000000e-02
30	33	31	32	0.00000000000000e+00	3.62528000000000e-01	2.01883000000000e-02
17	47	27	37	4.47213595499958e-01	6.10643000000000e-02	2.01703000000000e-02
11	53	25	39	4.47213595499958e-01	4.49852000000000e-02	2.01667000000000e-02
23	41	29	35	3.16227766016838e-01	9.12409000000000e-02	2.01711000000000e-02
29	35	31	33	3.16227766016838e-01	2.69784000000000e-01	2.01857000000000e-02
5	59	23	41	4.47213595499958e-01	4.08232000000000e-02	2.01546000000000e-02
28	37	31	34	3.16227766016838e-01	1.88575000000000e-01	2.01851000000000e-02
31	34	32	33	0.00000000000000e+00	4.07944000000000e-01	2.01903000000000e-02
30	36	32	34	3.16227766016838e-01	2.32218000000000e-01	2.01868000000000e-02
21	45	29	37	4.47213595499958e-01	7.70953000000000e-02	2.01735000000000e-02
27	39	31	35	3.16227766016838e-01	1.56187000000000e-01	2.01869000000000e-02
15	51	27	39	4.47213595499958e-01	5.20985000000000e-02	2.01610000000000e-02
9	57	25	41	5.47722557505166e-01	4.25187000000000e-02	2.01654000000000e-02
3	63	23	43	6.32455532033676e-01	3.27691000000000e-02	2.01854000000000e-02
32	35	33	34	0.00000000000000e+00	3.80569000000000e-01	2.01882000000000e-02
29	38	32	35	3.16227766016838e-01	1.82713000000000e-01	2.01845000000000e-02
13	55	27	41	6.32455532033676e-01	4.66734000000000e-02	2.01577000000000e-02
7	61	25	43	5.47722557505166e-01	3.72160000000000e-02	2.01568000000000e-02
31	37	33	35	0.00000000000000e+00	2.63102000000000e-01	2.01866000000000e-02
25	43	31	37	3.16227766016838e-01	1.06314000000000e-01	2.01706000000000e-02
19	49	29	39	4.47213595499958e-01	6.23035000000000e-02	2.01672000000000e-02
1	67	23	45	7.07106781186548e-01	2.84602000000000e-02	2.01807000000000e-02
33	36	34	35	0.00000000000000e+00	4.84436000000000e-01	2.01889000000000e-02
30	39	33	36	3.16227766016838e-01	1.87233000000000e-01	2.01848000000000e-02
17	53	29	41	5.47722557505166e-01	5.96393000000000e-02	2.01664000000000e-02
23	47	31	39	3.16227766016838e-01	8.52146000000000e-02	2.01712000000000e-02
11	59	27	43	5.47722557505166e-01	4.29813000000000e-02	2.01650000000000e-02
32	38	34	36	0.00000000000000e+00	3.21640000000000e-01	2.01882000000000e-02
29	41	33	37	5.47722557505166e-01	1.51076000000000e-01	2.01801000000000e-02
5	65	25	45	5.47722557505166e-01	2.96186000000000e-02	2.01795000000000e-02
31	40	34	37	3.16227766016838e-01	2.09140000000000e-01	2.01878000000000e-02
34	37	35	36	0.00000000000000e+00	4.23256000000000e-01	2.01877000000000e-02
33	39	35	37	0.00000000000000e+00	3.05130000000000e-01	2.01895000000000e-02
27	45	33	39	3.16227766016838e-01	1.08274000000000e-01	2.01767000000000e-02
21	51	31	41	4.47213595499958e-01	8.00569000000000e-02	2.01671000000000e-02
15	57	29	43	5.47722557505166e-01	5.40245000000000e-02	2.01590000000000e-02
3	69	25	47	1.48323969741913e+00	2.62222000000000e-02	2.01796000000000e-02
9	63	27	45	7.07106781186548e-01	3.28633000000000e-02	2.01809000000000e-02
35	38	36	37	0.00000000000000e+00	4.00976000000000e-01	2.01890000000000e-02
32	41	35	38	0.00000000000000e+00	2.15378000000000e-01	2.01869000000000e-02
25	49	33	41	3.16227766016838e-01	9.05250000000000e-02	2.01729000000000e-02
13	61	29	45	5.47722557505166e-01	4.37670000000000e-02	2.01576000000000e-02
19	55	31	43	5.47722557505166e-01	6.72192000000000e-02	2.01636000000000e-02
34	40	36	38	0.00000000000000e+00	2.76143000000000e-01	2.01833000000000e-02
31	43	35	39	3.16227766016838e-01	1.47809000000000e-01	2.01724000000000e-02
1	73	25	49	6.32455532033676e-01	2.29678000000000e-02	2.01757000000000e-02
7	67	27	47	4.47213595499958e-01	2.76498000000000e-02	2.01870000000000e-02
36	39	37	38	0.00000000000000e+00	3.66436000000000e-01	2.01874000000000e-02
33	42	36	39	3.16227766016838e-01	1.98747000000000e-01	2.01911000000000e-02
29	47	35	41	3.16227766016838e-01	1.20077000000000e-01	2.01802000000000e-02
17	59	31	45	5.47722557505166e-01	6.34871000000000e-02	2.01673000000000e-02
23	53	33	43	4.47213595499958e-01	8.19722000000000e-02	2.01715000000000e-02
35	41	37	39	3.16227766016838e-01	2.61807000000000e-01	2.01833000000000e-02
5	71	27	49	5.47722557505166e-01	2.41461000000000e-02	2.01812000000000e-02
11	65	29	47	5.47722557505166e-01	3.27060000000000e-02	2.01812000000000e-02
37	40	38	39	0.00000000000000e+00	3.39302000000000e-01	2.01903000000000e-02
34	43	37	40	3.16227766016838e-01	1.95212000000000e-01	2.01871000000000e-02
21	57	33	45	4.47213595499958e-01	7.21785000000000e-02	2.01693000000000e-02
33	45	37	41	3.16227766016838e-01	1.82975000000000e-01	2.01830000000000e-02
27	51	35	43	4.47213595499958e-01	9.57569000000000e-02	2.01720000000000e-02
36	42	38	40	0.00000000000000e+00	2.51349000000000e-01	2.01920000000000e-02
9	69	29	49	5.47722557505166e-01	2.89183000000000e-02	2.01820000000000e-02
15	63	31	47	6.32455532033676e-01	4.67572000000000e-02	2.01755000000000e-02
3	75	27	51	3.16227766016838e-01	2.17833000000000e-02	2.01753000000000e-02
38	41	39	40	0.00000000000000e+00	3.36044000000000e-01	2.01889000000000e-02
35	44	38	41	3.16227766016838e-01	2.32744000000000e-01	2.01890000000000e-02
37	43	39	41	3.16227766016838e-01	3.04987000000000e-01	2.01849000000000e-02
25	55	35	45	5.47722557505166e-01	7.71077000000000e-02	2.01707000000000e-02
19	61	33	47	5.47722557505166e-01	5.78199000000000e-02	2.01650000000000e-02
31	49	37	43	3.16227766016838e-01	1.28514000000000e-01	2.01810000000000e-02
13	67	31	49	4.47213595499958e-01	3.69454000000000e-02	2.01756000000000e-02
7	73	29	51	5.47722557505166e-01	2.60988000000000e-02	2.01770000000000e-02
39	42	40	41	0.00000000000000e+00	3.74586000000000e-01	2.01923000000000e-02
36	45	39	42	3.16227766016838e-01	2.65757000000000e-01	2.01904000000000e-02
29	53	37	45	5.47722557505166e-01	1.01374000000000e-01	2.01767000000000e-02
23	59	35	47	5.47722557505166e-01	6.94103000000000e-02	2.01699000000000e-02
35	47	39	43	3.16227766016838e-01	2.10021000000000e-01	2.01783000000000e-02
17	65	33	49	5.47722557505166e-01	4.41731000000000e-02	2.01805000000000e-02
5	77	29	53	5.47722557505166e-01	2.34847000000000e-02	2.01751000000000e-02
11	71	31	51	5.47722557505166e-01	3.18667000000000e-02	2.01849000000000e-02
38	44	40	42	0.00000000000000e+00	3.48629000000000e-01	2.01921000000000e-02
40	43	41	42	0.00000000000000e+00	4.14258000000000e-01	2.01870000000000e-02
37	46	40	43	3.16227766016838e-01	2.64202000000000e-01	2.01913000000000e-02
33	51	39	45	3.16227766016838e-01	1.44326000000000e-01	2.01767000000000e-02
39	45	41	43	0.00000000000000e+00	3.17265000000000e-01	2.01852000000000e-02
27	57	37	47	5.47722557505166e-01	8.06339000000000e-02	2.01754000000000e-02
21	63	35	49	7.07106781186548e-01	5.31110000000000e-02	2.01867000000000e-02
15	69	33	51	4.47213595499958e-01	4.05323000000000e-02	2.01766000000000e-02
9	75	31	53	4.47213595499958e-01	2.76039000000000e-02	2.01850000000000e-02
41	44	42	43	0.00000000000000e+00	3.47663000000000e-01	2.01952000000000e-02
38	47	41	44	0.00000000000000e+00	2.66194000000000e-01	2.01926000000000e-02
31	55	39	47	5.47722557505166e-01	1.03085000000000e-01	2.01726000000000e-02
37	49	41	45	3.16227766016838e-01	2.18485000000000e-01	2.01804000000000e-02
25	61	37	49	6.32455532033676e-01	6.31662000000000e-02	2.01656000000000e-02
13	73	33	53	4.47213595499958e-01	3.32461000000000e-02	2.01758000000000e-02
7	79	31	55	2.28035085019828e+00	2.46385000000000e-02	2.01781000000000e-02
19	67	35	51	4.47213595499958e-01	4.34859000000000e-02	2.01816000000000e-02
40	46	42	44	3.16227766016838e-01	2.97146000000000e-01	2.01905000000000e-02
39	48	42	45	3.16227766016838e-01	2.55257000000000e-01	2.01893000000000e-02
42	45	43	44	0.00000000000000e+00	4.16444000000000e-01	2.01893000000000e-02
41	47	43	45	0.00000000000000e+00	3.57362000000000e-01	2.01833000000000e-02
35	53	41	47	3.16227766016838e-01	1.54406000000000e-01	2.01728000000000e-02
29	59	39	49	5.47722557505166e-01	8.55132000000000e-02	2.01788000000000e-02
17	71	35	53	5.47722557505166e-01	3.68262000000000e-02	2.01843000000000e-02
23	65	37	51	5.47722557505166e-01	4.94485000000000e-02	2.01874000000000e-02
11	77	33	55	4.47213595499958e-01	2.89483000000000e-02	2.01845000000000e-02
43	46	44	45	0.00000000000000e+00	4.46580000000000e-01	2.01860000000000e-02
40	49	43	46	3.16227766016838e-01	2.78207000000000e-01	2.01889000000000e-02
33	57	41	49	4.47213595499958e-01	1.13626000000000e-01	2.01735000000000e-02
39	51	43	47	1.18321595661992e+00	2.11591000000000e-01	2.01836000000000e-02
9	81	33	57	7.74596669241483e-01	2.60991000000000e-02	2.01790000000000e-02
21	69	37	53	4.47213595499958e-01	4.51854000000000e-02	2.01836000000000e-02
42	48	44	46	0.00000000000000e+00	3.98941000000000e-01	2.01914000000000e-02
27	63	39	51	6.32455532033676e-01	6.28087000000000e-02	2.01892000000000e-02
15	75	35	55	4.47213595499958e-01	3.21194000000000e-02	2.01753000000000e-02
41	50	44	47	3.16227766016838e-01	3.02227000000000e-01	2.01889000000000e-02
44	47	45	46	0.00000000000000e+00	4.96896000000000e-01	2.01968000000000e-02
43	49	45	47	0.00000000000000e+00	3.90677000000000e-01	2.01782000000000e-02
37	55	43	49	4.47213595499958e-01	1.52159000000000e-01	2.01724000000000e-02
31	61	41	51	5.47722557505166e-01	8.97264000000000e-02	2.01753000000000e-02
25	67	39	53	5.47722557505166e-01	4.73556000000000e-02	2.01902000000000e-02
13	79	35	57	0.00000000000000e+00	2.94273000000000e-02	2.01755000000000e-02
19	73	37	55	5.47722557505166e-01	3.57357000000000e-02	2.01786000000000e-02
45	48	46	47	0.00000000000000e+00	4.87262000000000e-01	2.01907000000000e-02
42	51	45	48	3.16227766016838e-01	2.90885000000000e-01	2.01871000000000e-02
41	53	45	49	3.16227766016838e-01	2.45956000000000e-01	2.01799000000000e-02
35	59	43	51	5.47722557505166e-01	1.27456000000000e-01	2.01661000000000e-02
23	71	39	55	6.32455532033676e-01	4.08230000000000e-02	2.01865000000000e-02
29	65	41	53	5.47722557505166e-01	5.99642000000000e-02	2.01890000000000e-02
44	50	46	48	0.00000000000000e+00	3.83326000000000e-01	2.01896000000000e-02
17	77	37	57	4.47213595499958e-01	3.21375000000000e-02	2.01811000000000e-02
46	49	47	48	0.00000000000000e+00	4.97085000000000e-01	2.01924000000000e-02
43	52	46	49	3.16227766016838e-01	3.05155000000000e-01	2.01872000000000e-02
45	51	47	49	0.00000000000000e+00	4.10242000000000e-01	2.01811000000000e-02
39	57	45	51	5.47722557505166e-01	1.75229000000000e-01	2.01728000000000e-02
15	81	37	59	4.47213595499958e-01	2.82823000000000e-02	2.01760000000000e-02
33	63	43	53	6.32455532033676e-01	8.39874000000000e-02	2.01899000000000e-02
21	75	39	57	5.47722557505166e-01	3.60848000000000e-02	2.01852000000000e-02
27	69	41	55	4.47213595499958e-01	4.98801000000000e-02	2.01897000000000e-02
47	50	48	49	0.00000000000000e+00	5.81289000000000e-01	2.01926000000000e-02
44	53	47	50	3.16227766016838e-01	3.40435000000000e-01	2.01902000000000e-02
43	55	47	51	3.16227766016838e-01	2.80596000000000e-01	2.01741000000000e-02
37	61	45	53	5.47722557505166e-01	1.22217000000000e-01	2.01717000000000e-02
25	73	41	57	5.47722557505166e-01	4.05025000000000e-02	2.01822000000000e-02
19	79	39	59	5.47722557505166e-01	3.11947000000000e-02	2.01757000000000e-02
46	52	48	50	0.00000000000000e+00	4.44956000000000e-01	2.01893000000000e-02
31	67	43	55	5.47722557505166e-01	6.09659000000000e-02	2.01899000000000e-02
45	54	48	51	3.16227766016838e-01	3.71312000000000e-01	2.01894000000000e-02
48	51	49	50	0.00000000000000e+00	5.36415000000000e-01	2.01923000000000e-02
47	53	49	51	0.00000000000000e+00	4.88403000000000e-01	2.01830000000000e-02
41	59	47	53	4.47213595499958e-01	1.88690000000000e-01	2.01694000000000e-02
23	77	41	59	6.32455532033676e-01	3.56107000000000e-02	2.01832000000000e-02
35	65	45	55	5.47722557505166e-01	8.20560000000000e-02	2.01868000000000e-02
29	71	43	57	5.47722557505166e-01	4.93977000000000e-02	2.01911000000000e-02
49	52	50	51	0.00000000000000e+00	6.35505000000000e-01	2.01957000000000e-02
46	55	49	52	3.16227766016838e-01	3.64173000000000e-01	2.01927000000000e-02
45	57	49	53	3.16227766016838e-01	2.78586000000000e-01	2.01785000000000e-02
39	63	47	55	4.47213595499958e-01	1.15665000000000e-01	2.01879000000000e-02
27	75	43	59	5.47722557505166e-01	3.84855000000000e-02	2.01855000000000e-02
21	81	41	61	5.47722557505166e-01	3.15754000000000e-02	2.01795000000000e-02
48	54	50	52	0.00000000000000e+00	4.58701000000000e-01	2.01888000000000e-02
33	69	45	57	4.47213595499958e-01	6.67643000000000e-02	2.01885000000000e-02
50	53	51	52	0.00000000000000e+00	5.54931000000000e-01	2.01907000000000e-02
47	56	50	53	3.16227766016838e-01	3.42937000000000e-01	2.01911000000000e-02
43	61	49	55	3.16227766016838e-01	1.92757000000000e-01	2.01690000000000e-02
49	55	51	53	0.00000000000000e+00	3.68491000000000e-01	2.01829000000000e-02
31	73	45	59	5.47722557505166e-01	4.87920000000000e-02	2.01863000000000e-02
25	79	43	61	4.47213595499958e-01	3.32957000000000e-02	2.01796000000000e-02
37	67	47	57	4.47213595499958e-01	8.47580000000000e-02	2.01884000000000e-02
51	54	52	53	0.00000000000000e+00	4.63389000000000e-01	2.01850000000000e-02
48	57	51	54	3.16227766016838e-01	3.23227000000000e-01	2.01923000000000e-02
47	59	51	55	3.16227766016838e-01	2.82567000000000e-01	2.01836000000000e-02
35	71	47	59	5.47722557505166e-01	6.33167000000000e-02	2.01858000000000e-02
29	77	45	61	5.47722557505166e-01	4.02162000000000e-02	2.01868000000000e-02
50	56	52	54	0.00000000000000e+00	3.99920000000000e-01	2.01881000000000e-02
41	65	49	57	4.47213595499958e-01	1.21149000000000e-01	2.01843000000000e-02
23	83	43	63	7.74596669241483e-01	2.65166000000000e-02	2.01858000000000e-02
49	58	52	55	0.00000000000000e+00	3.32197000000000e-01	2.01890000000000e-02
52	55	53	54	0.00000000000000e+00	5.90798000000000e-01	2.01929000000000e-02
51	57	53	55	0.00000000000000e+00	4.59194000000000e-01	2.01805000000000e-02
27	81	45	63	5.47722557505166e-01	3.07533000000000e-02	2.01795000000000e-02
45	63	51	57	4.47213595499958e-01	1.78401000000000e-01	2.01887000000000e-02
39	69	49	59	5.47722557505166e-01	8.51731000000000e-02	2.01896000000000e-02
33	75	47	61	5.47722557505166e-01	4.83470000000000e-02	2.01888000000000e-02
21	87	43	65	5.47722557505166e-01	2.27832000000000e-02	2.01812000000000e-02
53	56	54	55	0.00000000000000e+00	5.07768000000000e-01	2.01927000000000e-02
50	59	53	56	3.16227766016838e-01	3.58101000000000e-01	2.01884000000000e-02
49	61	53	57	3.16227766016838e-01	2.89999000000000e-01	2.01772000000000e-02
43	67	51	59	4.47213595499958e-01	1.20398000000000e-01	2.01790000000000e-02
31	79	47	63	5.47722557505166e-01	3.67911000000000e-02	2.01847000000000e-02
52	58	54	56	0.00000000000000e+00	4.14249000000000e-01	2.01910000000000e-02
37	73	49	61	5.47722557505166e-01	6.27200000000000e-02	2.01847000000000e-02
25	85	45	65	6.32455532033676e-01	2.24633000000000e-02	2.01816000000000e-02
54	57	55	56	0.00000000000000e+00	4.95283000000000e-01	2.01882000000000e-02
51	60	54	57	0.00000000000000e+00	3.64361000000000e-01	2.01878000000000e-02
53	59	55	57	0.00000000000000e+00	4.03180000000000e-01	2.01849000000000e-02
47	65	53	59	3.16227766016838e-01	1.79559000000000e-01	2.01853000000000e-02
41	71	51	61	4.47213595499958e-01	8.57202000000000e-02	2.01911000000000e-02
35	77	49	63	4.47213595499958e-01	4.65290000000000e-02	2.01881000000000e-02
23	89	45	67	5.47722557505166e-01	2.11741000000000e-02	2.01880000000000e-02
29	83	47	65	1.14017542509914e+00	2.75342000000000e-02	2.01927000000000e-02
55	58	56	57	0.00000000000000e+00	5.35818000000000e-01	2.01959000000000e-02
52	61	55	58	0.00000000000000e+00	3.30719000000000e-01	2.01906000000000e-02
39	75	51	63	5.47722557505166e-01	5.50599000000000e-02	2.01852000000000e-02
54	60	56	58	0.00000000000000e+00	4.11737000000000e-01	2.01836000000000e-02
51	63	55	59	3.16227766016838e-01	2.56773000000000e-01	2.01885000000000e-02
45	69	53	61	3.16227766016838e-01	1.32193000000000e-01	2.01852000000000e-02
33	81	49	65	4.47213595499958e-01	3.63987000000000e-02	2.01854000000000e-02
27	87	47	67	5.47722557505166e-01	2.11046000000000e-02	2.01880000000000e-02
21	93	45	69	1.18321595661992e+00	2.07646000000000e-02	2.01863000000000e-02
56	59	57	58	0.00000000000000e+00	4.93160000000000e-01	2.01926000000000e-02
53	62	56	59	3.16227766016838e-01	2.92614000000000e-01	2.01980000000000e-02
55	61	57	59	0.00000000000000e+00	3.55919000000000e-01	2.01838000000000e-02
43	73	53	63	4.47213595499958e-01	8.79050000000000e-02	2.01838000000000e-02
49	67	55	61	3.16227766016838e-01	1.75067000000000e-01	2.01880000000000e-02
37	79	51	65	5.47722557505166e-01	4.38669000000000e-02	2.01862000000000e-02
31	85	49	67	7.07106781186548e-01	2.48901000000000e-02	2.01880000000000e-02
25	91	47	69	5.47722557505166e-01	1.96721000000000e-02	2.01846000000000e-02
57	60	58	59	0.00000000000000e+00	4.54194000000000e-01	2.01927000000000e-02
54	63	57	60	3.16227766016838e-01	2.89174000000000e-01	2.01979000000000e-02
47	71	55	63	4.47213595499958e-01	1.19155000000000e-01	2.01886000000000e-02
41	77	53	65	5.47722557505166e-01	6.28106000000000e-02	2.01804000000000e-02
53	65	57	61	0.00000000000000e+00	2.50427000000000e-01	2.01893000000000e-02
35	83	51	67	6.32455532033676e-01	3.19740000000000e-02	2.01925000000000e-02
29	89	49	69	5.47722557505166e-01	2.19009000000000e-02	2.01916000000000e-02
23	95	47	71	7.07106781186548e-01	1.94928000000000e-02	2.01939000000000e-02
56	62	58	60	0.00000000000000e+00	3.31050000000000e-01	2.01965000000000e-02
58	61	59	60	0.00000000000000e+00	4.44041000000000e-01	2.01957000000000e-02
55	64	58	61	3.16227766016838e-01	3.00766000000000e-01	2.01922000000000e-02
39	81	53	67	5.47722557505166e-01	4.37696000000000e-02	2.01855000000000e-02
51	69	57	63	3.16227766016838e-01	1.84873000000000e-01	2.01854000000000e-02
57	63	59	61	0.00000000000000e+00	3.84420000000000e-01	2.01888000000000e-02
45	75	55	65	4.47213595499958e-01	8.26530000000000e-02	2.01878000000000e-02
27	93	49	71	6.32455532033676e-01	1.96328000000000e-02	2.01895000000000e-02
33	87	51	69	6.32455532033676e-01	2.55190000000000e-02	2.01891000000000e-02
56	65	59	62	0.00000000000000e+00	3.08798000000000e-01	2.01943000000000e-02
59	62	60	61	0.00000000000000e+00	4.27238000000000e-01	2.01965000000000e-02
55	67	59	63	4.47213595499958e-01	2.54192000000000e-01	2.01895000000000e-02
43	79	55	67	4.47213595499958e-01	6.14832000000000e-02	2.01755000000000e-02
49	73	57	65	3.16227766016838e-01	1.22538000000000e-01	2.01863000000000e-02
31	91	51	71	2.62678510731274e+00	2.14165000000000e-02	2.01921000000000e-02
25	97	49	73	1.26491106406735e+00	1.73202000000000e-02	2.01882000000000e-02
58	64	60	62	0.00000000000000e+00	3.88736000000000e-01	2.01981000000000e-02
37	85	53	69	5.47722557505166e-01	3.21149000000000e-02	2.01851000000000e-02
57	66	60	63	0.00000000000000e+00	3.01175000000000e-01	2.01992000000000e-02
60	63	61	62	0.00000000000000e+00	3.98713000000000e-01	2.01996000000000e-02
53	71	59	65	3.16227766016838e-01	1.82461000000000e-01	2.01886000000000e-02
59	65	61	63	0.00000000000000e+00	3.20368000000000e-01	2.01881000000000e-02
47	77	57	67	3.16227766016838e-01	8.74576000000000e-02	2.01875000000000e-02
35	89	53	71	4.47213595499958e-01	2.76951000000000e-02	2.01901000000000e-02
29	95	51	73	6.32455532033676e-01	1.96914000000000e-02	2.01945000000000e-02
41	83	55	69	6.32455532033676e-01	4.40072000000000e-02	2.01906000000000e-02
61	64	62	63	0.00000000000000e+00	3.27931000000000e-01	2.01984000000000e-02
58	67	61	64	0.00000000000000e+00	2.76938000000000e-01	2.02040000000000e-02
45	81	57	69	4.47213595499958e-01	6.61947000000000e-02	2.01827000000000e-02
51	75	59	67	0.00000000000000e+00	1.27667000000000e-01	2.01829000000000e-02
57	69	61	65	0.00000000000000e+00	2.47024000000000e-01	2.01880000000000e-02
39	87	55	71	5.47722557505166e-01	3.16521000000000e-02	2.01887000000000e-02
27	99	51	75	4.47213595499958e-01	1.63475000000000e-02	2.01901000000000e-02
60	66	62	64	0.00000000000000e+00	2.72164000000000e-01	2.02017000000000e-02
33	93	53	73	6.32455532033676e-01	2.44065000000000e-02	2.01864000000000e-02
62	65	63	64	0.00000000000000e+00	3.54881000000000e-01	2.01971000000000e-02
59	68	62	65	0.00000000000000e+00	2.57712000000000e-01	2.02029000000000e-02
55	73	61	67	3.16227766016838e-01	1.64946000000000e-01	2.01870000000000e-02
49	79	59	69	4.47213595499958e-01	9.34981000000000e-02	2.01826000000000e-02
61	67	63	65	0.00000000000000e+00	2.90277000000000e-01	2.01925000000000e-02
43	85	57	71	2.25831795812724e+00	4.54989000000000e-02	2.01835000000000e-02
31	97	53	75	4.47213595499958e-01	1.98654000000000e-02	2.01884000000000e-02
37	91	55	73	4.47213595499958e-01	2.76338000000000e-02	2.01917000000000e-02
60	69	63	66	0.00000000000000e+00	2.51443000000000e-01	2.01971000000000e-02
63	66	64	65	0.00000000000000e+00	3.38316000000000e-01	2.02032000000000e-02
59	71	63	67	0.00000000000000e+00	1.98968000000000e-01	2.01912000000000e-02
53	77	61	69	3.16227766016838e-01	1.25821000000000e-01	2.01860000000000e-02
41	89	57	73	4.47213595499958e-01	3.61172000000000e-02	2.01900000000000e-02
29	101	53	77	1.18321595661992e+00	1.69428000000000e-02	2.01927000000000e-02
62	68	64	66	0.00000000000000e+00	2.94125000000000e-01	2.02009000000000e-02
47	83	59	71	3.16227766016838e-01	6.85793000000000e-02	2.01919000000000e-02
35	95	55	75	3.16227766016838e-01	2.41477000000000e-02	2.01872000000000e-02
64	67	65	66	0.00000000000000e+00	3.25667000000000e-01	2.01980000000000e-02
61	70	64	67	0.00000000000000e+00	2.23695000000000e-01	2.02028000000000e-02
57	75	63	69	3.16227766016838e-01	1.50290000000000e-01	2.01878000000000e-02
51	81	61	71	3.16227766016838e-01	9.87030000000000e-02	2.01836000000000e-02
63	69	65	67	0.00000000000000e+00	2.53428000000000e-01	2.01882000000000e-02
45	87	59	73	5.47722557505166e-01	4.84383000000000e-02	2.01879000000000e-02
33	99	55	77	4.47213595499958e-01	2.04090000000000e-02	2.01882000000000e-02
39	93	57	75	6.32455532033676e-01	2.91114000000000e-02	2.01925000000000e-02
65	68	66	67	0.00000000000000e+00	2.62874000000000e-01	2.02002000000000e-02
62	71	65	68	3.16227766016838e-01	2.04122000000000e-01	2.01981000000000e-02
61	73	65	69	3.16227766016838e-01	1.96001000000000e-01	2.01854000000000e-02
55	79	63	71	3.16227766016838e-01	1.20614000000000e-01	2.01845000000000e-02
64	70	66	68	0.00000000000000e+00	2.19780000000000e-01	2.01963000000000e-02
37	97	57	77	5.47722557505166e-01	2.46604000000000e-02	2.01890000000000e-02
43	91	59	75	4.47213595499958e-01	3.97047000000000e-02	2.01845000000000e-02
49	85	61	73	3.16227766016838e-01	6.40007000000000e-02	2.01893000000000e-02
66	69	67	68	0.00000000000000e+00	2.87455000000000e-01	2.01993000000000e-02
63	72	66	69	3.16227766016838e-01	2.15820000000000e-01	2.01994000000000e-02
65	71	67	69	0.00000000000000e+00	2.77270000000000e-01	2.01888000000000e-02
59	77	65	71	3.16227766016838e-01	1.53188000000000e-01	2.01871000000000e-02
41	95	59	77	5.47722557505166e-01	3.25166000000000e-02	2.01931000000000e-02
47	89	61	75	4.47213595499958e-01	5.00084000000000e-02	2.01907000000000e-02
35	101	57	79	5.47722557505166e-01	2.11001000000000e-02	2.01913000000000e-02
53	83	63	73	0.00000000000000e+00	8.46106000000000e-02	2.01924000000000e-02
67	70	68	69	0.00000000000000e+00	3.70122000000000e-01	2.02005000000000e-02
64	73	67	70	0.00000000000000e+00	2.54887000000000e-01	2.01937000000000e-02
57	81	65	73	3.16227766016838e-01	1.15120000000000e-01	2.01859000000000e-02
63	75	67	71	3.16227766016838e-01	1.88906000000000e-01	2.01911000000000e-02
45	93	61	77	1.97484176581315e+00	3.93860000000000e-02	2.01888000000000e-02
39	99	59	79	6.32455532033676e-01	2.51618000000000e-02	2.01906000000000e-02
66	72	68	70	0.00000000000000e+00	3.46642000000000e-01	2.02015000000000e-02
51	87	63	75	1.78885438199983e+00	6.28239000000000e-02	2.01902000000000e-02
68	71	69	70	0.00000000000000e+00	4.27178000000000e-01	2.02053000000000e-02
65	74	68	71	0.00000000000000e+00	2.48828000000000e-01	2.01986000000000e-02
61	79	67	73	3.16227766016838e-01	1.49853000000000e-01	2.01868000000000e-02
67	73	69	71	0.00000000000000e+00	3.15315000000000e-01	2.01931000000000e-02
49	91	63	77	4.47213595499958e-01	4.84511000000000e-02	2.01899000000000e-02
43	97	61	79	7.74596669241483e-01	3.30948000000000e-02	2.01879000000000e-02
55	85	65	75	3.16227766016838e-01	7.81445000000000e-02	2.01893000000000e-02
66	75	69	72	3.16227766016838e-01	2.35948000000000e-01	2.02028000000000e-02
69	72	70	71	0.00000000000000e+00	3.85284000000000e-01	2.01970000000000e-02
65	77	69	73	2.07364413533277e+00	2.12384000000000e-01	2.01889000000000e-02
68	74	70	72	0.00000000000000e+00	2.55818000000000e-01	2.02003000000000e-02
53	89	65	77	4.47213595499958e-01	6.10056000000000e-02	2.01958000000000e-02
59	83	67	75	3.16227766016838e-01	1.08508000000000e-01	2.01957000000000e-02
47	95	63	79	5.47722557505166e-01	4.06990000000000e-02	2.01951000000000e-02
41	101	61	81	4.47213595499958e-01	2.64866000000000e-02	2.01920000000000e-02
67	76	70	73	3.16227766016838e-01	2.11346000000000e-01	2.02033000000000e-02
70	73	71	72	0.00000000000000e+00	4.20749000000000e-01	2.01993000000000e-02
69	75	71	73	0.00000000000000e+00	2.75360000000000e-01	2.01913000000000e-02
63	81	69	75	3.16227766016838e-01	1.48553000000000e-01	2.01877000000000e-02
45	99	63	81	5.47722557505166e-01	3.16172000000000e-02	2.01882000000000e-02
57	87	67	77	4.47213595499958e-01	7.68404000000000e-02	2.01915000000000e-02
51	93	65	79	4.47213595499958e-01	5.11679000000000e-02	2.01882000000000e-02
71	74	72	73	0.00000000000000e+00	3.74371000000000e-01	2.02067000000000e-02
68	77	71	74	3.16227766016838e-01	2.44846000000000e-01	2.01984000000000e-02
67	79	71	75	0.00000000000000e+00	1.94095000000000e-01	2.01898000000000e-02
49	97	65	81	4.47213595499958e-01	3.97420000000000e-02	2.01959000000000e-02
70	76	72	74	0.00000000000000e+00	3.54617000000000e-01	2.02003000000000e-02
61	85	69	77	3.16227766016838e-01	1.04815000000000e-01	2.01920000000000e-02
55	91	67	79	4.47213595499958e-01	6.35504000000000e-02	2.01942000000000e-02
43	103	63	83	7.74596669241483e-01	2.47567000000000e-02	2.01891000000000e-02
72	75	73	74	0.00000000000000e+00	4.78785000000000e-01	2.01996000000000e-02
69	78	72	75	3.16227766016838e-01	2.62621000000000e-01	2.01968000000000e-02
71	77	73	75	0.00000000000000e+00	3.54459000000000e-01	2.01894000000000e-02
65	83	71	77	3.16227766016838e-01	1.32435000000000e-01	2.01949000000000e-02
59	89	69	79	4.47213595499958e-01	8.29552000000000e-02	2.01975000000000e-02
53	95	67	81	5.47722557505166e-01	5.38319000000000e-02	2.01952000000000e-02
47	101	65	83	5.47722557505166e-01	3.02746000000000e-02	2.01932000000000e-02
41	107	63	85	6.32455532033676e-01	2.12558000000000e-02	2.01809000000000e-02
70	79	73	76	0.00000000000000e+00	2.81188000000000e-01	2.01976000000000e-02
73	76	74	75	0.00000000000000e+00	3.43559000000000e-01	2.02024000000000e-02
69	81	73	77	0.00000000000000e+00	2.10831000000000e-01	2.01890000000000e-02
51	99	67	83	4.47213595499958e-01	3.94769000000000e-02	2.01946000000000e-02
72	78	74	76	0.00000000000000e+00	3.08979000000000e-01	2.01980000000000e-02
57	93	69	81	4.47213595499958e-01	7.04077000000000e-02	2.01955000000000e-02
63	87	71	79	4.47213595499958e-01	8.80199000000000e-02	2.01951000000000e-02
45	105	65	85	5.47722557505166e-01	2.42098000000000e-02	2.01911000000000e-02
74	77	75	76	0.00000000000000e+00	3.91509000000000e-01	2.02018000000000e-02
71	80	74	77	3.16227766016838e-01	2.38747000000000e-01	2.01972000000000e-02
73	79	75	77	0.00000000000000e+00	3.05321000000000e-01	2.01864000000000e-02
61	91	71	81	4.47213595499958e-01	8.09472000000000e-02	2.01972000000000e-02
55	97	69	83	4.47213595499958e-01	5.28315000000000e-02	2.01933000000000e-02
67	85	73	79	3.16227766016838e-01	1.23795000000000e-01	2.01944000000000e-02
43	109	65	87	5.47722557505166e-01	2.18160000000000e-02	2.01827000000000e-02
49	103	67	85	6.32455532033676e-01	3.12120000000000e-02	2.01979000000000e-02
75	78	76	77	0.00000000000000e+00	3.81638000000000e-01	2.01998000000000e-02
72	81	75	78	0.00000000000000e+00	2.52894000000000e-01	2.01957000000000e-02
65	89	73	81	4.47213595499958e-01	9.47183000000000e-02	2.01939000000000e-02
59	95	71	83	4.47213595499958e-01	6.61107000000000e-02	2.01988000000000e-02
74	80	76	78	0.00000000000000e+00	3.28314000000000e-01	2.01960000000000e-02
71	83	75	79	0.00000000000000e+00	1.99512000000000e-01	2.01994000000000e-02
53	101	69	85	0.00000000000000e+00	4.28847000000000e-02	2.01973000000000e-02
41	113	65	89	1.14017542509914e+00	2.08245000000000e-02	2.01906000000000e-02
47	107	67	87	5.47722557505166e-01	2.61882000000000e-02	2.01881000000000e-02
76	79	77	78	0.00000000000000e+00	4.64828000000000e-01	2.02039000000000e-02
73	82	76	79	3.16227766016838e-01	2.44406000000000e-01	2.02050000000000e-02
75	81	77	79	0.00000000000000e+00	3.70305000000000e-01	2.01859000000000e-02
69	87	75	81	5.47722557505166e-01	1.13897000000000e-01	2.01966000000000e-02
57	99	71	85	4.47213595499958e-01	5.31119000000000e-02	2.01928000000000e-02
63	93	73	83	5.47722557505166e-01	7.44287000000000e-02	2.01956000000000e-02
51	105	69	87	5.47722557505166e-01	3.32075000000000e-02	2.01903000000000e-02
45	111	67	89	8.94427190999916e-01	2.41877000000000e-02	2.01898000000000e-02
77	80	78	79	0.00000000000000e+00	4.72327000000000e-01	2.01948000000000e-02
74	83	77	80	0.00000000000000e+00	3.04376000000000e-01	2.02071000000000e-02
61	97	73	85	5.47722557505166e-01	6.75475000000000e-02	2.01939000000000e-02
73	85	77	81	3.16227766016838e-01	2.06237000000000e-01	2.01925000000000e-02
67	91	75	83	4.47213595499958e-01	8.42953000000000e-02	2.01968000000000e-02
49	109	69	89	5.47722557505166e-01	2.83442000000000e-02	2.01921000000000e-02
76	82	78	80	0.00000000000000e+00	3.71227000000000e-01	2.02100000000000e-02
43	115	67	91	6.32455532033676e-01	2.19280000000000e-02	2.01843000000000e-02
55	103	71	87	5.47722557505166e-01	4.17374000000000e-02	2.01985000000000e-02
78	81	79	80	0.00000000000000e+00	5.72630000000000e-01	2.01967000000000e-02
75	84	78	81	3.16227766016838e-01	2.86241000000000e-01	2.02025000000000e-02
59	101	73	87	4.47213595499958e-01	5.40835000000000e-02	2.01982000000000e-02
71	89	77	83	4.47213595499958e-01	1.32066000000000e-01	2.02009000000000e-02
77	83	79	81	0.00000000000000e+00	3.77075000000000e-01	2.01955000000000e-02
65	95	75	85	5.47722557505166e-01	7.70346000000000e-02	2.01964000000000e-02
47	113	69	91	5.47722557505166e-01	2.57413000000000e-02	2.01880000000000e-02
53	107	71	89	4.47213595499958e-01	3.45076000000000e-02	2.01916000000000e-02
79	82	80	81	0.00000000000000e+00	4.03539000000000e-01	2.02069000000000e-02
76	85	79	82	0.00000000000000e+00	2.72869000000000e-01	2.02034000000000e-02
75	87	79	83	3.16227766016838e-01	1.92588000000000e-01	2.01949000000000e-02
63	99	75	87	5.47722557505166e-01	5.87698000000000e-02	2.01965000000000e-02
69	93	77	85	5.47722557505166e-01	1.03647000000000e-01	2.01983000000000e-02
57	105	73	89	4.47213595499958e-01	4.22655000000000e-02	2.01937000000000e-02
51	111	71	91	5.47722557505166e-01	2.98432000000000e-02	2.01914000000000e-02
45	117	69	93	5.47722557505166e-01	2.22452000000000e-02	2.01879000000000e-02
78	84	80	82	4.47213595499958e-01	3.87202000000000e-01	2.01941000000000e-02
77	86	80	83	0.00000000000000e+00	2.51785000000000e-01	2.02003000000000e-02
80	83	81	82	0.00000000000000e+00	6.24024000000000e-01	2.02037000000000e-02
67	97	77	87	4.47213595499958e-01	7.85587000000000e-02	2.01943000000000e-02
73	91	79	85	3.16227766016838e-01	1.42887000000000e-01	2.02024000000000e-02
79	85	81	83	0.00000000000000e+00	3.80372000000000e-01	2.01934000000000e-02
55	109	73	91	4.47213595499958e-01	3.48320000000000e-02	2.01957000000000e-02
61	103	75	89	6.32455532033676e-01	5.08374000000000e-02	2.02048000000000e-02
49	115	71	93	5.47722557505166e-01	2.58938000000000e-02	2.01889000000000e-02
78	87	81	84	3.16227766016838e-01	2.57485000000000e-01	2.01965000000000e-02
81	84	82	83	0.00000000000000e+00	4.86179000000000e-01	2.02030000000000e-02
71	95	79	87	7.74596669241483e-01	1.13211000000000e-01	2.01991000000000e-02
77	89	81	85	3.16227766016838e-01	2.24660000000000e-01	2.02023000000000e-02
65	101	77	89	6.32455532033676e-01	6.25473000000000e-02	2.01963000000000e-02
80	86	82	84	0.00000000000000e+00	3.31923000000000e-01	2.02000000000000e-02
59	107	75	91	4.47213595499958e-01	4.04632000000000e-02	2.01918000000000e-02
47	119	71	95	4.47213595499958e-01	2.06675000000000e-02	2.01881000000000e-02
53	113	73	93	6.32455532033676e-01	3.11389000000000e-02	2.01942000000000e-02
82	85	83	84	0.00000000000000e+00	5.39484000000000e-01	2.02043000000000e-02
79	88	82	85	3.16227766016838e-01	2.64995000000000e-01	2.02055000000000e-02
81	87	83	85	0.00000000000000e+00	3.88428000000000e-01	2.01964000000000e-02
75	93	81	87	3.16227766016838e-01	1.52258000000000e-01	2.01969000000000e-02
69	99	79	89	4.47213595499958e-01	7.87747000000000e-02	2.01936000000000e-02
51	117	73	95	4.47213595499958e-01	2.59130000000000e-02	2.01863000000000e-02
57	111	75	93	4.47213595499958e-01	3.52009000000000e-02	2.01973000000000e-02
63	105	77	91	5.47722557505166e-01	4.56651000000000e-02	2.01975000000000e-02
83	86	84	85	0.00000000000000e+00	7.16061000000000e-01	2.02032000000000e-02
80	89	83	86	3.16227766016838e-01	2.95083000000000e-01	2.02041000000000e-02
79	91	83	87	3.16227766016838e-01	2.27140000000000e-01	2.02017000000000e-02
73	97	81	89	4.47213595499958e-01	1.11924000000000e-01	2.01942000000000e-02
55	115	75	95	4.47213595499958e-01	2.98066000000000e-02	2.01977000000000e-02
61	109	77	93	1.14017542509914e+00	4.16299000000000e-02	2.01981000000000e-02
67	103	79	91	4.47213595499958e-01	5.61232000000000e-02	2.02079000000000e-02
49	121	73	97	6.32455532033676e-01	1.96985000000000e-02	2.01907000000000e-02
82	88	84	86	0.00000000000000e+00	3.97384000000000e-01	2.02046000000000e-02
81	90	84	87	3.16227766016838e-01	2.90218000000000e-01	2.02047000000000e-02
84	87	85	86	3.16227766016838e-01	4.88264000000000e-01	2.02018000000000e-02
83	89	85	87	0.00000000000000e+00	3.53902000000000e-01	2.01982000000000e-02
71	101	81	91	4.47213595499958e-01	7.78902000000000e-02	2.02014000000000e-02
77	95	83	89	4.47213595499958e-01	1.56511000000000e-01	2.02000000000000e-02
53	119	75	97	4.47213595499958e-01	2.38648000000000e-02	2.01891000000000e-02
59	113	77	95	4.47213595499958e-01	3.61563000000000e-02	2.01985000000000e-02
65	107	79	93	3.16227766016838e-01	4.38197000000000e-02	2.01941000000000e-02
85	88	86	87	0.00000000000000e+00	5.93156000000000e-01	2.01989000000000e-02
82	91	85	88	3.16227766016838e-01	2.47197000000000e-01	2.02077000000000e-02
75	99	83	91	4.47213595499958e-01	9.72691000000000e-02	2.01975000000000e-02
81	93	85	89	3.16227766016838e-01	2.04731000000000e-01	2.01935000000000e-02
57	117	77	97	4.47213595499958e-01	3.07383000000000e-02	2.02022000000000e-02
69	105	81	93	5.47722557505166e-01	5.19980000000000e-02	2.02021000000000e-02
84	90	86	88	0.00000000000000e+00	3.12736000000000e-01	2.02002000000000e-02
63	111	79	95	3.16227766016838e-01	3.67790000000000e-02	2.01981000000000e-02
86	89	87	88	0.00000000000000e+00	4.05913000000000e-01	2.02081000000000e-02
83	92	86	89	3.16227766016838e-01	2.38808000000000e-01	2.02043000000000e-02
79	97	85	91	4.47213595499958e-01	1.33580000000000e-01	2.01954000000000e-02
85	91	87	89	0.00000000000000e+00	2.94680000000000e-01	2.01944000000000e-02
55	121	77	99	4.47213595499958e-01	2.40766000000000e-02	2.01938000000000e-02
67	109	81	95	4.47213595499958e-01	3.91968000000000e-02	2.02004000000000e-02
61	115	79	97	4.47213595499958e-01	3.44961000000000e-02	2.01950000000000e-02
73	103	83	93	4.47213595499958e-01	6.65281000000000e-02	2.02040000000000e-02
87	90	88	89	3.16227766016838e-01	4.20180000000000e-01	2.02079000000000e-02
84	93	87	90	3.16227766016838e-01	2.07082000000000e-01	2.02011000000000e-02
77	101	85	93	4.47213595499958e-01	8.57638000000000e-02	2.01989000000000e-02
83	95	87	91	4.47213595499958e-01	1.69665000000000e-01	2.01987000000000e-02
71	107	83	95	4.47213595499958e-01	4.60901000000000e-02	2.01960000000000e-02
86	92	88	90	0.00000000000000e+00	2.83267000000000e-01	2.02050000000000e-02
65	113	81	97	3.16227766016838e-01	3.15531000000000e-02	2.01961000000000e-02
59	119	79	99	4.47213595499958e-01	2.88759000000000e-02	2.01973000000000e-02
88	91	89	90	0.00000000000000e+00	3.61800000000000e-01	2.02043000000000e-02
85	94	88	91	3.16227766016838e-01	2.13658000000000e-01	2.02029000000000e-02
87	93	89	91	0.00000000000000e+00	2.59533000000000e-01	2.01950000000000e-02
81	99	87	93	3.16227766016838e-01	1.09402000000000e-01	2.01977000000000e-02
75	105	85	95	5.47722557505166e-01	5.21680000000000e-02	2.02034000000000e-02
63	117	81	99	4.47213595499958e-01	2.77887000000000e-02	2.01983000000000e-02
69	111	83	97	5.47722557505166e-01	3.62369000000000e-02	2.02019000000000e-02
89	92	90	91	0.00000000000000e+00	2.98827000000000e-01	2.02126000000000e-02
86	95	89	92	3.16227766016838e-01	2.01739000000000e-01	2.02045000000000e-02
85	97	89	93	3.16227766016838e-01	1.67338000000000e-01	2.01935000000000e-02
61	121	81	101	5.47722557505166e-01	2.45405000000000e-02	2.01994000000000e-02
73	109	85	97	4.47213595499958e-01	3.93405000000000e-02	2.02003000000000e-02
79	103	87	95	0.00000000000000e+00	6.93668000000000e-02	2.02038000000000e-02
88	94	90	92	0.00000000000000e+00	2.26942000000000e-01	2.02063000000000e-02
67	115	83	99	4.47213595499958e-01	3.09489000000000e-02	2.01985000000000e-02
87	96	90	93	3.16227766016838e-01	1.94517000000000e-01	2.02059000000000e-02
90	93	91	92	3.16227766016838e-01	2.65784000000000e-01	2.02105000000000e-02
89	95	91	93	0.00000000000000e+00	2.34142000000000e-01	2.02021000000000e-02
83	101	89	95	3.16227766016838e-01	9.78651000000000e-02	2.01969000000000e-02
71	113	85	99	4.47213595499958e-01	3.38200000000000e-02	2.02042000000000e-02
77	107	87	97	4.47213595499958e-01	4.77979000000000e-02	2.01944000000000e-02
65	119	83	101	4.47213595499958e-01	2.67873000000000e-02	2.01942000000000e-02
88	97	91	94	0.00000000000000e+00	1.81063000000000e-01	2.02056000000000e-02
91	94	92	93	0.00000000000000e+00	2.54070000000000e-01	2.02094000000000e-02
87	99	91	95	3.16227766016838e-01	1.42626000000000e-01	2.01928000000000e-02
90	96	92	94	0.00000000000000e+00	2.13738000000000e-01	2.02129000000000e-02
75	111	87	99	4.47213595499958e-01	3.69565000000000e-02	2.02045000000000e-02
69	117	85	101	4.47213595499958e-01	2.87070000000000e-02	2.01994000000000e-02
81	105	89	97	3.16227766016838e-01	6.99650000000000e-02	2.01943000000000e-02
63	123	83	103	5.47722557505166e-01	2.18881000000000e-02	2.02042000000000e-02
92	95	93	94	0.00000000000000e+00	1.98768000000000e-01	2.02150000000000e-02
89	98	92	95	3.16227766016838e-01	1.72509000000000e-01	2.02054000000000e-02
91	97	93	95	0.00000000000000e+00	1.78057000000000e-01	2.02015000000000e-02
67	121	85	103	4.47213595499958e-01	2.23604000000000e-02	2.02016000000000e-02
85	103	91	97	3.16227766016838e-01	1.02715000000000e-01	2.01993000000000e-02
79	109	89	99	4.47213595499958e-01	5.06165000000000e-02	2.02020000000000e-02
73	115	87	101	4.47213595499958e-01	3.22085000000000e-02	2.02017000000000e-02
61	127	83	105	4.47213595499958e-01	2.02962000000000e-02	2.01933000000000e-02
93	96	94	95	0.00000000000000e+00	1.81504000000000e-01	2.02138000000000e-02
90	99	93	96	3.16227766016838e-01	1.66746000000000e-01	2.02074000000000e-02
89	101	93	97	3.16227766016838e-01	1.52328000000000e-01	2.02046000000000e-02
83	107	91	99	1.00000000000000e+00	6.69348000000000e-02	2.01934000000000e-02
92	98	94	96	0.00000000000000e+00	1.83206000000000e-01	2.02061000000000e-02
71	119	87	103	4.47213595499958e-01	2.60160000000000e-02	2.01966000000000e-02
77	113	89	101	3.16227766016838e-01	4.10254000000000e-02	2.02035000000000e-02
65	125	85	105	4.47213595499958e-01	1.93923000000000e-02	2.02019000000000e-02
91	100	94	97	3.16227766016838e-01	1.75950000000000e-01	2.02098000000000e-02
94	97	95	96	0.00000000000000e+00	2.02687000000000e-01	2.02112000000000e-02
93	99	95	97	0.00000000000000e+00	2.06505000000000e-01	2.01993000000000e-02
81	111	91	101	4.47213595499958e-01	5.48872000000000e-02	2.02014000000000e-02
75	117	89	103	4.47213595499958e-01	3.26879000000000e-02	2.02013000000000e-02
87	105	93	99	0.00000000000000e+00	1.05953000000000e-01	2.01990000000000e-02
63	129	85	107	5.47722557505166e-01	1.91201000000000e-02	2.02022000000000e-02
69	123	87	105	5.47722557505166e-01	2.08114000000000e-02	2.02047000000000e-02
95	98	96	97	0.00000000000000e+00	2.17687000000000e-01	2.02154000000000e-02
92	101	95	98	3.16227766016838e-01	1.86450000000000e-01	2.02098000000000e-02
91	103	95	99	0.00000000000000e+00	1.68501000000000e-01	2.02086000000000e-02
73	121	89	105	7.74596669241483e-01	2.67195000000000e-02	2.02007000000000e-02
94	100	96	98	0.00000000000000e+00	2.03409000000000e-01	2.02080000000000e-02
85	109	93	101	3.16227766016838e-01	7.46519000000000e-02	2.01962000000000e-02
79	115	91	103	4.47213595499958e-01	4.27699000000000e-02	2.02020000000000e-02
61	133	85	109	7.07106781186548e-01	1.80957000000000e-02	2.02018000000000e-02
67	127	87	107	5.47722557505166e-01	1.98246000000000e-02	2.01990000000000e-02
96	99	97	98	0.00000000000000e+00	2.29184000000000e-01	2.02133000000000e-02
93	102	96	99	3.16227766016838e-01	1.90118000000000e-01	2.02131000000000e-02
95	101	97	99	3.16227766016838e-01	1.99591000000000e-01	2.02006000000000e-02
83	113	93	103	4.47213595499958e-01	5.46411000000000e-02	2.02013000000000e-02
89	107	95	101	3.16227766016838e-01	1.20502000000000e-01	2.01957000000000e-02
77	119	91	105	4.47213595499958e-01	3.42691000000000e-02	2.01981000000000e-02
71	125	89	107	4.47213595499958e-01	2.46668000000000e-02	2.02090000000000e-02
65	131	87	109	3.16227766016838e-01	1.84515000000000e-02	2.02047000000000e-02
97	100	98	99	0.00000000000000e+00	2.47871000000000e-01	2.02108000000000e-02
94	103	97	100	3.16227766016838e-01	1.86532000000000e-01	2.02188000000000e-02
87	111	95	103	3.16227766016838e-01	8.38662000000000e-02	2.01995000000000e-02
93	105	97	101	3.16227766016838e-01	1.55016000000000e-01	2.01977000000000e-02
81	117	93	105	4.47213595499958e-01	4.77068000000000e-02	2.02069000000000e-02
63	135	87	111	5.47722557505166e-01	1.71161000000000e-02	2.02041000000000e-02
75	123	91	107	6.32455532033676e-01	2.97004000000000e-02	2.02091000000000e-02
96	102	98	100	0.00000000000000e+00	2.11034000000000e-01	2.02157000000000e-02
69	129	89	109	2.77488738510232e+00	2.04802000000000e-02	2.02064000000000e-02
98	101	99	100	0.00000000000000e+00	2.67224000000000e-01	2.02148000000000e-02
95	104	98	101	3.16227766016838e-01	1.66966000000000e-01	2.02206000000000e-02
79	121	93	107	4.47213595499958e-01	4.01966000000000e-02	2.01993000000000e-02
91	109	97	103	3.16227766016838e-01	1.11442000000000e-01	2.02021000000000e-02
97	103	99	101	3.16227766016838e-01	2.18399000000000e-01	2.02055000000000e-02
85	115	95	105	4.47213595499958e-01	6.47512000000000e-02	2.01939000000000e-02
73	127	91	109	7.74596669241483e-01	2.57610000000000e-02	2.02034000000000e-02
67	133	89	111	7.74596669241483e-01	1.94781000000000e-02	2.02059000000000e-02
96	105	99	102	3.16227766016838e-01	1.66219000000000e-01	2.02129000000000e-02
99	102	100	101	0.00000000000000e+00	2.76486000000000e-01	2.02190000000000e-02
95	107	99	103	3.16227766016838e-01	1.40155000000000e-01	2.01965000000000e-02
83	119	95	107	5.47722557505166e-01	5.30367000000000e-02	2.02012000000000e-02
89	113	97	105	4.47213595499958e-01	8.90746000000000e-02	2.02035000000000e-02
77	125	93	109	4.47213595499958e-01	3.27543000000000e-02	2.02062000000000e-02
98	104	100	102	0.00000000000000e+00	2.07324000000000e-01	2.02223000000000e-02
71	131	91	111	4.47213595499958e-01	2.29639000000000e-02	2.02087000000000e-02
65	137	89	113	4.47213595499958e-01	1.77472000000000e-02	2.02000000000000e-02
100	103	101	102	0.00000000000000e+00	2.86988000000000e-01	2.02187000000000e-02
97	106	100	103	3.16227766016838e-01	1.76032000000000e-01	2.02186000000000e-02
99	105	101	103	0.00000000000000e+00	2.46017000000000e-01	2.02010000000000e-02
93	111	99	105	3.16227766016838e-01	1.08313000000000e-01	2.02038000000000e-02
87	117	97	107	4.47213595499958e-01	7.33096000000000e-02	2.02038000000000e-02
81	123	95	109	5.47722557505166e-01	4.42587000000000e-02	2.02083000000000e-02
75	129	93	111	4.47213595499958e-01	2.76508000000000e-02	2.02117000000000e-02
69	135	91	113	5.47722557505166e-01	2.01571000000000e-02	2.02014000000000e-02
101	104	102	103	0.00000000000000e+00	3.29195000000000e-01	2.02190000000000e-02
98	107	101	104	3.16227766016838e-01	1.88421000000000e-01	2.02074000000000e-02
91	115	99	107	3.16227766016838e-01	9.25929000000000e-02	2.02028000000000e-02
85	121	97	109	4.47213595499958e-01	5.56654000000000e-02	2.01996000000000e-02
97	109	101	105	3.16227766016838e-01	1.50518000000000e-01	2.02058000000000e-02
100	106	102	104	0.00000000000000e+00	2.76490000000000e-01	2.02176000000000e-02
73	133	93	113	4.47213595499958e-01	2.46799000000000e-02	2.02068000000000e-02
79	127	95	111	4.47213595499958e-01	3.57988000000000e-02	2.02006000000000e-02
67	139	91	115	5.47722557505166e-01	1.76253000000000e-02	2.02032000000000e-02
102	105	103	104	0.00000000000000e+00	4.19728000000000e-01	2.02138000000000e-02
99	108	102	105	3.16227766016838e-01	2.03811000000000e-01	2.02165000000000e-02
101	107	103	105	0.00000000000000e+00	3.06891000000000e-01	2.01978000000000e-02
89	119	99	109	4.47213595499958e-01	7.48399000000000e-02	2.02038000000000e-02
95	113	101	107	3.16227766016838e-01	1.17938000000000e-01	2.02061000000000e-02
83	125	97	111	4.47213595499958e-01	4.31016000000000e-02	2.02074000000000e-02
71	137	93	115	5.47722557505166e-01	2.08308000000000e-02	2.02040000000000e-02
77	131	95	113	5.47722557505166e-01	3.06130000000000e-02	2.02109000000000e-02
100	109	103	106	3.16227766016838e-01	2.31697000000000e-01	2.02122000000000e-02
103	106	104	105	0.00000000000000e+00	4.33986000000000e-01	2.02209000000000e-02
99	111	103	107	3.16227766016838e-01	1.85514000000000e-01	2.02011000000000e-02
93	117	101	109	4.47213595499958e-01	9.74565000000000e-02	2.02031000000000e-02
87	123	99	111	4.47213595499958e-01	5.65351000000000e-02	2.02093000000000e-02
75	135	95	115	5.47722557505166e-01	2.52456000000000e-02	2.02086000000000e-02
69	141	93	117	6.32455532033676e-01	1.70675000000000e-02	2.01993000000000e-02
102	108	104	106	0.00000000000000e+00	3.19706000000000e-01	2.02131000000000e-02
81	129	97	113	5.47722557505166e-01	3.76384000000000e-02	2.02102000000000e-02
101	110	104	107	3.16227766016838e-01	2.32506000000000e-01	2.02054000000000e-02
104	107	105	106	0.00000000000000e+00	5.94718000000000e-01	2.02104000000000e-02
97	115	103	109	4.47213595499958e-01	1.22687000000000e-01	2.02046000000000e-02
91	121	101	111	4.47213595499958e-01	7.51763000000000e-02	2.02037000000000e-02
103	109	105	107	0.00000000000000e+00	3.86664000000000e-01	2.02048000000000e-02
79	133	97	115	5.47722557505166e-01	3.11442000000000e-02	2.02104000000000e-02
85	127	99	113	1.18321595661992e+00	4.43443000000000e-02	2.02016000000000e-02
73	139	95	117	5.47722557505166e-01	2.01606000000000e-02	2.02023000000000e-02
105	108	106	107	0.00000000000000e+00	6.26606000000000e-01	2.02135000000000e-02
102	111	105	108	3.16227766016838e-01	2.59426000000000e-01	2.02134000000000e-02
95	119	103	111	4.47213595499958e-01	9.30448000000000e-02	2.02011000000000e-02
101	113	105	109	3.16227766016838e-01	1.96231000000000e-01	2.02075000000000e-02
89	125	101	113	4.47213595499958e-01	6.12443000000000e-02	2.02110000000000e-02
83	131	99	115	6.32455532033676e-01	3.62991000000000e-02	2.02139000000000e-02
104	110	106	108	0.00000000000000e+00	3.67113000000000e-01	2.02113000000000e-02
77	137	97	117	5.47722557505166e-01	2.34207000000000e-02	2.02076000000000e-02
103	112	106	109	0.00000000000000e+00	2.69930000000000e-01	2.02149000000000e-02
106	109	107	108	0.00000000000000e+00	6.99474000000000e-01	2.02194000000000e-02
99	117	105	111	4.47213595499958e-01	1.26012000000000e-01	2.02070000000000e-02
105	111	107	109	0.00000000000000e+00	4.34108000000000e-01	2.02018000000000e-02
81	135	99	117	4.47213595499958e-01	2.85701000000000e-02	2.02119000000000e-02
75	141	97	119	6.32455532033676e-01	1.91004000000000e-02	2.02039000000000e-02
87	129	101	115	4.47213595499958e-01	4.73474000000000e-02	2.02111000000000e-02
93	123	103	113	3.16227766016838e-01	7.43436000000000e-02	2.02123000000000e-02
107	110	108	109	3.16227766016838e-01	6.98022000000000e-01	2.02044000000000e-02
104	113	107	110	3.16227766016838e-01	2.89733000000000e-01	2.02154000000000e-02
97	121	105	113	4.47213595499958e-01	9.10598000000000e-02	2.02026000000000e-02
103	115	107	111	3.16227766016838e-01	1.90473000000000e-01	2.02064000000000e-02
91	127	103	115	4.47213595499958e-01	5.90547000000000e-02	2.02084000000000e-02
106	112	108	110	0.00000000000000e+00	4.55885000000000e-01	2.02175000000000e-02
79	139	99	119	4.47213595499958e-01	2.25104000000000e-02	2.02078000000000e-02
85	133	101	117	5.47722557505166e-01	3.57963000000000e-02	2.02102000000000e-02
105	114	108	111	0.00000000000000e+00	2.68512000000000e-01	2.02074000000000e-02
108	111	109	110	0.00000000000000e+00	8.18236000000000e-01	2.02210000000000e-02
107	113	109	111	4.47213595499958e-01	4.32469000000000e-01	2.01943000000000e-02
101	119	107	113	3.16227766016838e-01	1.31416000000000e-01	2.02051000000000e-02
89	131	103	117	4.47213595499958e-01	4.49868000000000e-02	2.02138000000000e-02
83	137	101	119	5.47722557505166e-01	2.69176000000000e-02	2.02131000000000e-02
95	125	105	115	4.47213595499958e-01	6.92252000000000e-02	2.02148000000000e-02
106	115	109	112	2.32379000772445e+00	2.91018000000000e-01	2.02164000000000e-02
109	112	110	111	0.00000000000000e+00	5.62414000000000e-01	2.02171000000000e-02
105	117	109	113	0.00000000000000e+00	2.21975000000000e-01	2.01976000000000e-02
87	135	103	119	4.47213595499958e-01	3.42744000000000e-02	2.02120000000000e-02
108	114	110	112	0.00000000000000e+00	4.46256000000000e-01	2.02158000000000e-02
81	141	101	121	7.07106781186548e-01	2.22371000000000e-02	2.02064000000000e-02
99	123	107	115	3.16227766016838e-01	8.92643000000000e-02	2.02169000000000e-02
93	129	105	117	4.47213595499958e-01	5.04646000000000e-02	2.02159000000000e-02
107	116	110	113	3.16227766016838e-01	2.99388000000000e-01	2.02096000000000e-02
110	113	111	112	3.16227766016838e-01	8.58213000000000e-01	2.02110000000000e-02
103	121	109	115	3.16227766016838e-01	1.29553000000000e-01	2.02035000000000e-02
109	115	111	113	0.00000000000000e+00	4.77456000000000e-01	2.02037000000000e-02
97	127	107	117	4.47213595499958e-01	6.02082000000000e-02	2.02078000000000e-02
85	139	103	121	6.32455532033676e-01	2.60349000000000e-02	2.02115000000000e-02
91	133	105	119	4.47213595499958e-01	4.10785000000000e-02	2.02126000000000e-02
108	117	111	114	0.00000000000000e+00	3.50051000000000e-01	2.02152000000000e-02
111	114	112	113	0.00000000000000e+00	5.89801000000000e-01	2.02137000000000e-02
107	119	111	115	6.32455532033676e-01	2.45052000000000e-01	2.01939000000000e-02
89	137	105	121	5.47722557505166e-01	3.15082000000000e-02	2.02156000000000e-02
95	131	107	119	4.47213595499958e-01	4.76946000000000e-02	2.02167000000000e-02
110	116	112	114	0.00000000000000e+00	4.68234000000000e-01	2.02141000000000e-02
101	125	109	117	3.16227766016838e-01	7.89759000000000e-02	2.02158000000000e-02
112	115	113	114	0.00000000000000e+00	6.78726000000000e-01	2.02170000000000e-02
109	118	112	115	0.00000000000000e+00	3.36243000000000e-01	2.02133000000000e-02
111	117	113	115	0.00000000000000e+00	4.60290000000000e-01	2.02071000000000e-02
87	141	105	123	6.32455532033676e-01	2.40713000000000e-02	2.02071000000000e-02
99	129	109	119	4.47213595499958e-01	5.60152000000000e-02	2.02175000000000e-02
105	123	111	117	3.16227766016838e-01	1.17189000000000e-01	2.02076000000000e-02
93	135	107	121	4.47213595499958e-01	3.81849000000000e-02	2.02114000000000e-02
113	116	114	115	0.00000000000000e+00	5.77799000000000e-01	2.02237000000000e-02
110	119	113	116	5.47722557505166e-01	3.16294000000000e-01	2.02020000000000e-02
109	121	113	117	0.00000000000000e+00	2.15987000000000e-01	2.02016000000000e-02
97	133	109	121	4.47213595499958e-01	4.34945000000000e-02	2.02166000000000e-02
91	139	107	123	4.47213595499958e-01	3.04266000000000e-02	2.02162000000000e-02
112	118	114	116	0.00000000000000e+00	4.14074000000000e-01	2.02142000000000e-02
103	127	111	119	1.26491106406735e+00	7.63293000000000e-02	2.02116000000000e-02
114	117	115	116	0.00000000000000e+00	4.54650000000000e-01	2.02132000000000e-02
111	120	114	117	0.00000000000000e+00	2.69538000000000e-01	2.02157000000000e-02
113	119	115	117	0.00000000000000e+00	3.52629000000000e-01	2.02002000000000e-02
95	137	109	123	4.47213595499958e-01	3.37373000000000e-02	2.02142000000000e-02
101	131	111	121	4.47213595499958e-01	5.36093000000000e-02	2.02211000000000e-02
107	125	113	119	7.74596669241483e-01	1.27857000000000e-01	2.02064000000000e-02
115	118	116	117	0.00000000000000e+00	4.40298000000000e-01	2.02159000000000e-02
112	121	115	118	0.00000000000000e+00	2.83339000000000e-01	2.02155000000000e-02
105	129	113	121	7.07106781186548e-01	7.09068000000000e-02	2.02122000000000e-02
114	120	116	118	4.47213595499958e-01	3.77256000000000e-01	2.02143000000000e-02
93	141	109	125	4.47213595499958e-01	3.10026000000000e-02	2.02119000000000e-02
111	123	115	119	3.16227766016838e-01	2.10952000000000e-01	2.02129000000000e-02
99	135	111	123	5.47722557505166e-01	4.02981000000000e-02	2.02178000000000e-02
116	119	117	118	0.00000000000000e+00	4.78708000000000e-01	2.02201000000000e-02
113	122	116	119	0.00000000000000e+00	2.81567000000000e-01	2.02185000000000e-02
115	121	117	119	0.00000000000000e+00	4.14465000000000e-01	2.02050000000000e-02
97	139	111	125	5.47722557505166e-01	3.55894000000000e-02	2.02134000000000e-02
103	133	113	123	6.32455532033676e-01	5.03104000000000e-02	2.02186000000000e-02
109	127	115	121	7.74596669241483e-01	1.20803000000000e-01	2.02035000000000e-02
117	120	118	119	0.00000000000000e+00	4.67693000000000e-01	2.02158000000000e-02
114	123	117	120	3.16227766016838e-01	3.28958000000000e-01	2.02123000000000e-02
113	125	117	121	0.00000000000000e+00	2.36657000000000e-01	2.02111000000000e-02
107	131	115	123	4.47213595499958e-01	7.48048000000000e-02	2.02077000000000e-02
101	137	113	125	5.47722557505166e-01	4.30065000000000e-02	2.02163000000000e-02
116	122	118	120	0.00000000000000e+00	3.59137000000000e-01	2.02262000000000e-02
118	121	119	120	0.00000000000000e+00	4.79212000000000e-01	2.02161000000000e-02
115	124	118	121	0.00000000000000e+00	2.98353000000000e-01	2.02194000000000e-02
99	141	113	127	5.47722557505166e-01	3.75835000000000e-02	2.02136000000000e-02
105	135	115	125	4.47213595499958e-01	5.41548000000000e-02	2.02127000000000e-02
117	123	119	121	0.00000000000000e+00	3.36913000000000e-01	2.02112000000000e-02
111	129	117	123	3.16227766016838e-01	1.24399000000000e-01	2.02132000000000e-02
119	122	120	121	0.00000000000000e+00	3.51726000000000e-01	2.02170000000000e-02
116	125	119	122	0.00000000000000e+00	2.86698000000000e-01	2.02241000000000e-02
109	133	117	125	4.47213595499958e-01	8.91229000000000e-02	2.02137000000000e-02
103	139	115	127	4.47213595499958e-01	4.51476000000000e-02	2.02168000000000e-02
115	127	119	123	0.00000000000000e+00	2.17618000000000e-01	2.02068000000000e-02
118	124	120	122	0.00000000000000e+00	3.41558000000000e-01	2.02189000000000e-02
120	123	121	122	0.00000000000000e+00	4.94658000000000e-01	2.02242000000000e-02
117	126	120	123	0.00000000000000e+00	2.44437000000000e-01	2.02186000000000e-02
119	125	121	123	0.00000000000000e+00	3.36754000000000e-01	2.02063000000000e-02
107	137	117	127	5.47722557505166e-01	6.57575000000000e-02	2.02117000000000e-02
113	131	119	125	3.16227766016838e-01	1.41193000000000e-01	2.02138000000000e-02
121	124	122	123	0.00000000000000e+00	3.08674000000000e-01	2.02181000000000e-02
118	127	121	124	0.00000000000000e+00	2.76735000000000e-01	2.02143000000000e-02
111	135	119	127	3.16227766016838e-01	9.60624000000000e-02	2.02154000000000e-02
117	129	121	125	0.00000000000000e+00	2.01877000000000e-01	2.02163000000000e-02
105	141	117	129	2.34520787991171e+00	5.12745000000000e-02	2.02113000000000e-02
120	126	122	124	0.00000000000000e+00	3.44201000000000e-01	2.02121000000000e-02
122	125	123	124	0.00000000000000e+00	5.79441000000000e-01	2.02162000000000e-02
119	128	122	125	5.47722557505166e-01	2.45088000000000e-01	2.02019000000000e-02
121	127	123	125	0.00000000000000e+00	3.78539000000000e-01	2.02061000000000e-02
109	139	119	129	4.47213595499958e-01	7.03899000000000e-02	2.02170000000000e-02
115	133	121	127	3.16227766016838e-01	1.50871000000000e-01	2.02152000000000e-02
120	129	123	126	3.16227766016838e-01	2.84251000000000e-01	2.02149000000000e-02
123	126	124	125	3.16227766016838e-01	4.90916000000000e-01	2.02149000000000e-02
119	131	123	127	3.16227766016838e-01	2.19591000000000e-01	2.02144000000000e-02
113	137	121	129	4.47213595499958e-01	1.04621000000000e-01	2.02150000000000e-02
122	128	124	126	0.00000000000000e+00	3.73787000000000e-01	2.02169000000000e-02
121	130	124	127	3.16227766016838e-01	2.65725000000000e-01	2.02124000000000e-02
124	127	125	126	3.16227766016838e-01	6.75689000000000e-01	2.02118000000000e-02
117	135	123	129	3.16227766016838e-01	1.44588000000000e-01	2.02166000000000e-02
111	141	121	131	4.47213595499958e-01	7.07452000000000e-02	2.02145000000000e-02
123	129	125	127	0.00000000000000e+00	3.56502000000000e-01	2.02103000000000e-02
122	131	125	128	3.16227766016838e-01	2.79796000000000e-01	2.02218000000000e-02
125	128	126	127	3.16227766016838e-01	5.47741000000000e-01	2.02061000000000e-02
115	139	123	131	4.47213595499958e-01	1.03102000000000e-01	2.02166000000000e-02
121	133	125	129	3.16227766016838e-01	2.09343000000000e-01	2.02195000000000e-02
124	130	126	128	0.00000000000000e+00	3.90596000000000e-01	2.02126000000000e-02
123	132	126	129	3.16227766016838e-01	2.50796000000000e-01	2.02185000000000e-02
126	129	127	128	0.00000000000000e+00	5.94659000000000e-01	2.02171000000000e-02
119	137	125	131	4.47213595499958e-01	1.32838000000000e-01	2.02143000000000e-02
125	131	127	129	0.00000000000000e+00	3.77970000000000e-01	2.02129000000000e-02
127	130	128	129	3.16227766016838e-01	4.71491000000000e-01	2.02136000000000e-02
124	133	127	130	0.00000000000000e+00	2.42346000000000e-01	2.02222000000000e-02
117	141	125	133	4.47213595499958e-01	9.22904000000000e-02	2.02157000000000e-02
123	135	127	131	3.16227766016838e-01	1.68117000000000e-01	2.02151000000000e-02
126	132	128	130	0.00000000000000e+00	3.12944000000000e-01	2.02097000000000e-02
125	134	128	131	3.16227766016838e-01	2.19106000000000e-01	2.02216000000000e-02
128	131	129	130	0.00000000000000e+00	3.49064000000000e-01	2.02112000000000e-02
127	133	129	131	0.00000000000000e+00	2.67372000000000e-01	2.02094000000000e-02
121	139	127	133	4.47213595499958e-01	1.10799000000000e-01	2.02164000000000e-02
126	135	129	132	3.16227766016838e-01	2.02401000000000e-01	2.02146000000000e-02
129	132	130	131	0.00000000000000e+00	3.49864000000000e-01	2.02250000000000e-02
125	137	129	133	3.16227766016838e-01	1.48132000000000e-01	2.02100000000000e-02
128	134	130	132	0.00000000000000e+00	2.76158000000000e-01	2.02145000000000e-02
127	136	130	133	3.16227766016838e-01	1.98046000000000e-01	2.02114000000000e-02
130	133	131	132	0.00000000000000e+00	2.84995000000000e-01	2.02231000000000e-02
123	141	129	135	3.16227766016838e-01	9.67077000000000e-02	2.02162000000000e-02
129	135	131	133	0.00000000000000e+00	2.44557000000000e-01	2.02138000000000e-02
128	137	131	134	3.16227766016838e-01	1.89062000000000e-01	2.02063000000000e-02
131	134	132	133	0.00000000000000e+00	2.72759000000000e-01	2.02203000000000e-02
127	139	131	135	3.16227766016838e-01	1.53567000000000e-01	2.02090000000000e-02
130	136	132	134	0.00000000000000e+00	2.05500000000000e-01	2.02191000000000e-02
132	135	133	134	0.00000000000000e+00	2.14920000000000e-01	2.02250000000000e-02
129	138	132	135	0.00000000000000e+00	1.86961000000000e-01	2.02162000000000e-02
131	137	133	135	3.16227766016838e-01	1.99629000000000e-01	2.02170000000000e-02
133	136	134	135	0.00000000000000e+00	2.37868000000000e-01	2.02301000000000e-02
130	139	133	136	3.16227766016838e-01	1.74701000000000e-01	2.02122000000000e-02
129	141	133	137	3.16227766016838e-01	1.55739000000000e-01	2.02171000000000e-02
132	138	134	136	0.00000000000000e+00	1.99565000000000e-01	2.02185000000000e-02
134	137	135	136	0.00000000000000e+00	2.08225000000000e-01	2.02239000000000e-02
131	140	134	137	3.16227766016838e-01	1.74223000000000e-01	2.02202000000000e-02
133	139	135	137	0.00000000000000e+00	1.74419000000000e-01	2.02167000000000e-02
135	138	136	137	0.00000000000000e+00	1.79274000000000e-01	2.02252000000000e-02
132	141	135	138	3.16227766016838e-01	1.58150000000000e-01	2.02228000000000e-02
134	140	136	138	0.00000000000000e+00	1.61444000000000e-01	2.02240000000000e-02
136	139	137	138	0.00000000000000e+00	1.82356000000000e-01	2.02273000000000e-02
135	141	137	139	0.00000000000000e+00	1.56221000000000e-01	2.02125000000000e-02
137	140	138	139	0.00000000000000e+00	1.60677000000000e-01	2.02268000000000e-02
138	141	139	140	0.00000000000000e+00	1.61195000000000e-01	2.02255000000000e-02
0
