50 	 # Number of sensors 
# x z 
-1.90 -1.27 
0.00 -0.98 
1.88 -0.69 
3.75 -0.34 
5.82 0.00 
7.72 -0.02 
9.72 -0.10 
11.71 -0.17 
13.78 -0.54 
15.78 -0.47 
17.78 -0.35 
19.77 -0.19 
21.66 -0.34 
23.76 -0.33 
25.74 -0.63 
27.74 -0.71 
29.73 -0.55 
31.56 -1.07 
33.84 -0.75 
35.83 -0.91 
37.93 -0.94 
39.93 -1.01 
41.92 -0.84 
43.82 -0.93 
45.82 -1.05 
47.92 -1.03 
49.97 -1.49 
51.87 -1.49 
53.96 -1.39 
56.36 -1.49 
57.93 -1.19 
59.86 -1.73 
61.96 -1.63 
64.05 -1.84 
66.03 -2.08 
68.13 -2.25 
69.71 -2.45 
71.91 -2.50 
74.20 -2.70 
76.10 -2.67 
78.20 -2.71 
80.29 -2.50 
82.47 -2.79 
84.07 -2.86 
85.77 -2.92 
88.15 -2.57 
90.05 -2.54 
91.92 -2.84 
94.18 -2.39 
96.04 -2.74 
360 	 # Number of measurements 
# a b m n u i err
2 5 3 4 7.97 0.10 0.03
3 6 4 5 6.25 0.10 0.03
4 7 5 6 7.52 0.10 0.03
5 8 6 7 6.02 0.10 0.03
6 9 7 8 6.34 0.10 0.03
7 10 8 9 5.72 0.10 0.03
8 11 9 10 6.74 0.10 0.03
9 12 10 11 5.43 0.10 0.03
10 13 11 12 6.44 0.10 0.03
11 14 12 13 6.55 0.10 0.03
12 15 13 14 5.85 0.10 0.03
13 16 14 15 7.48 0.10 0.03
14 17 15 16 6.69 0.10 0.03
15 18 16 17 9.07 0.10 0.03
16 19 17 18 4.87 0.10 0.03
17 20 18 19 10.75 0.10 0.03
18 21 19 20 6.97 0.10 0.03
19 22 20 21 10.47 0.10 0.03
20 23 21 22 136.08 0.10 0.03
21 24 22 23 24.34 10.00 0.03
22 25 23 24 142.17 0.10 0.03
23 26 24 25 5.60 0.10 0.03
24 27 25 26 8.54 0.10 0.03
26 29 27 28 104.97 1.00 0.03
27 30 28 29 66.63 1.00 0.03
29 32 30 31 9.26 0.10 0.03
30 33 31 32 7.54 0.10 0.03
31 34 32 33 9.65 0.10 0.03
32 35 33 34 12.28 0.10 0.03
33 36 34 35 7.41 0.10 0.03
34 37 35 36 11.67 0.10 0.03
35 38 36 37 6.47 0.10 0.03
36 39 37 38 11.67 0.10 0.03
37 40 38 39 9.59 0.10 0.03
38 41 39 40 8.52 0.10 0.03
39 42 40 41 13.13 0.10 0.03
40 43 41 42 8.31 0.10 0.03
41 44 42 43 12.58 0.10 0.03
42 45 43 44 6.66 0.10 0.03
43 46 44 45 8.69 0.10 0.03
44 47 45 46 11.43 0.10 0.03
45 48 46 47 7.44 0.10 0.03
46 49 47 48 10.84 0.10 0.03
47 50 48 49 12.39 0.10 0.03
2 8 4 6 3.43 0.10 0.03
3 9 5 7 3.75 0.10 0.03
4 10 6 8 2.98 0.10 0.03
5 11 7 9 2.90 0.10 0.03
6 12 8 10 3.44 0.10 0.03
7 13 9 11 3.23 0.10 0.03
8 14 10 12 3.36 0.10 0.03
9 15 11 13 3.53 0.10 0.03
10 16 12 14 3.65 0.10 0.03
11 17 13 15 3.68 0.10 0.03
12 18 14 16 4.64 0.10 0.03
13 19 15 17 4.64 0.10 0.03
14 20 16 18 3.97 0.10 0.03
15 21 17 19 4.35 0.10 0.03
16 22 18 20 4.92 0.10 0.03
17 23 19 21 9.22 0.10 0.03
18 24 20 22 5.16 0.10 0.03
19 25 21 23 2.53 0.10 0.03
20 26 22 24 4.12 0.10 0.03
21 27 23 25 9.66 0.10 0.03
23 29 25 27 4.01 0.10 0.03
24 30 26 28 9.83 0.10 0.03
25 31 27 29 4.75 0.10 0.03
26 32 28 30 3.98 0.10 0.03
27 33 29 31 6.03 0.10 0.03
29 35 31 33 4.36 0.10 0.03
30 36 32 34 7.02 0.10 0.03
31 37 33 35 7.66 0.10 0.03
32 38 34 36 5.28 0.10 0.03
33 39 35 37 4.53 0.10 0.03
34 40 36 38 6.20 0.10 0.03
35 41 37 39 7.02 0.10 0.03
36 42 38 40 6.05 0.10 0.03
37 43 39 41 5.41 0.10 0.03
38 44 40 42 6.93 0.10 0.03
39 45 41 43 7.03 0.10 0.03
40 46 42 44 5.95 0.10 0.03
41 47 43 45 5.30 0.10 0.03
42 48 44 46 6.37 0.10 0.03
43 49 45 47 5.64 0.10 0.03
44 50 46 48 5.89 0.10 0.03
2 11 5 8 2.17 0.10 0.03
3 12 6 9 2.16 0.10 0.03
4 13 7 10 2.14 0.10 0.03
5 14 8 11 2.25 0.10 0.03
6 15 9 12 2.44 0.10 0.03
7 16 10 13 2.43 0.10 0.03
8 17 11 14 2.39 0.10 0.03
9 18 12 15 2.83 0.10 0.03
10 19 13 16 2.82 0.10 0.03
11 20 14 17 3.20 0.10 0.03
12 21 15 18 2.62 0.10 0.03
13 22 16 19 3.03 0.10 0.03
14 23 17 20 3.69 0.10 0.03
15 24 18 21 3.82 0.10 0.03
16 25 19 22 3.56 0.10 0.03
17 26 20 23 2.41 0.10 0.03
18 27 21 24 2.86 0.10 0.03
20 29 23 26 5.08 0.10 0.03
21 30 24 27 3.77 0.10 0.03
22 31 25 28 4.99 0.10 0.03
23 32 26 29 3.54 0.10 0.03
24 33 27 30 4.25 0.10 0.03
25 34 28 31 15.00 1.00 0.03
26 35 29 32 32.96 1.00 0.03
27 36 30 33 32.18 1.00 0.03
29 38 32 35 48.12 1.00 0.03
30 39 33 36 50.93 1.00 0.03
31 40 34 37 40.30 1.00 0.03
32 41 35 38 41.56 1.00 0.03
33 42 36 39 42.81 1.00 0.03
34 43 37 40 44.72 1.00 0.03
35 44 38 41 46.28 1.00 0.03
36 45 39 42 44.05 1.00 0.03
37 46 40 43 49.24 1.00 0.03
38 47 41 44 47.16 1.00 0.03
39 48 42 45 47.96 1.00 0.03
40 49 43 46 39.76 1.00 0.03
41 50 44 47 43.56 1.00 0.03
2 14 6 10 18.38 1.00 0.03
3 15 7 11 18.05 1.00 0.03
4 16 8 12 18.87 1.00 0.03
5 17 9 13 19.40 1.00 0.03
6 18 10 14 19.82 1.00 0.03
7 19 11 15 21.17 1.00 0.03
8 20 12 16 22.16 1.00 0.03
9 21 13 17 22.34 1.00 0.03
10 22 14 18 21.39 1.00 0.03
11 23 15 19 27.07 1.00 0.03
12 24 16 20 23.46 1.00 0.03
13 25 17 21 25.41 1.00 0.03
14 26 18 22 26.30 1.00 0.03
15 27 19 23 19.19 1.00 0.03
17 29 21 25 2.69 0.10 0.03
18 30 22 26 2.52 0.10 0.03
19 31 23 27 3.64 0.10 0.03
20 32 24 28 2.38 0.10 0.03
21 33 25 29 3.26 0.10 0.03
22 34 26 30 3.13 0.10 0.03
23 35 27 31 2.61 0.10 0.03
25 37 29 33 2.84 0.10 0.03
26 38 30 34 3.14 0.10 0.03
27 39 31 35 3.30 0.10 0.03
29 41 33 37 3.70 0.10 0.03
30 42 34 38 3.64 0.10 0.03
31 43 35 39 3.35 0.10 0.03
32 44 36 40 3.15 0.10 0.03
33 45 37 41 3.63 0.10 0.03
34 46 38 42 3.55 0.10 0.03
35 47 39 43 3.98 0.10 0.03
36 48 40 44 3.77 0.10 0.03
37 49 41 45 3.49 0.10 0.03
38 50 42 46 3.65 0.10 0.03
2 17 7 12 16.06 1.00 0.03
3 18 8 13 17.44 1.00 0.03
4 19 9 14 17.26 1.00 0.03
5 20 10 15 17.61 1.00 0.03
6 21 11 16 18.22 1.00 0.03
7 22 12 17 18.86 1.00 0.03
8 23 13 18 21.07 1.00 0.03
9 24 14 19 19.59 1.00 0.03
10 25 15 20 19.40 1.00 0.03
11 26 16 21 20.15 1.00 0.03
12 27 17 22 20.18 1.00 0.03
14 29 19 24 2.19 0.10 0.03
15 30 20 25 2.56 0.10 0.03
16 31 21 26 2.19 0.10 0.03
17 32 22 27 2.35 0.10 0.03
18 33 23 28 2.43 0.10 0.03
19 34 24 29 2.40 0.10 0.03
20 35 25 30 2.70 0.10 0.03
21 36 26 31 2.47 0.10 0.03
22 37 27 32 2.40 0.10 0.03
23 38 28 33 23.78 0.10 0.03
24 39 29 34 2.67 0.10 0.03
25 40 30 35 2.81 0.10 0.03
26 41 31 36 2.83 0.10 0.03
27 42 32 37 2.99 0.10 0.03
29 44 34 39 3.02 0.10 0.03
30 45 35 40 2.84 0.10 0.03
31 46 36 41 3.21 0.10 0.03
32 47 37 42 3.01 0.10 0.03
33 48 38 43 3.02 0.10 0.03
34 49 39 44 3.07 0.10 0.03
35 50 40 45 3.13 0.10 0.03
2 20 8 14 15.66 1.00 0.03
3 21 9 15 16.13 1.00 0.03
4 22 10 16 15.86 1.00 0.03
5 23 11 17 27.08 1.00 0.03
6 24 12 18 16.08 1.00 0.03
7 25 13 19 16.90 1.00 0.03
8 26 14 20 16.81 1.00 0.03
9 27 15 21 17.60 1.00 0.03
11 29 17 23 13.77 1.00 0.03
12 30 18 24 17.74 1.00 0.03
13 31 19 25 17.96 1.00 0.03
14 32 20 26 19.74 1.00 0.03
15 33 21 27 19.90 1.00 0.03
16 34 22 28 20.38 1.00 0.03
17 35 23 29 24.84 1.00 0.03
18 36 24 30 21.41 1.00 0.03
19 37 25 31 21.76 1.00 0.03
20 38 26 32 19.76 1.00 0.03
21 39 27 33 21.06 1.00 0.03
22 40 28 34 10.19 1.00 0.03
23 41 29 35 22.23 1.00 0.03
24 42 30 36 24.03 1.00 0.03
25 43 31 37 22.98 1.00 0.03
26 44 32 38 26.53 1.00 0.03
27 45 33 39 26.84 1.00 0.03
29 47 35 41 2.67 0.10 0.03
30 48 36 42 2.67 0.10 0.03
31 49 37 43 2.74 0.10 0.03
32 50 38 44 2.41 0.10 0.03
2 23 9 16 2.18 0.10 0.03
3 24 10 17 15.93 1.00 0.03
4 25 11 18 14.91 1.00 0.03
5 26 12 19 15.13 1.00 0.03
6 27 13 20 14.99 1.00 0.03
8 29 15 22 15.86 1.00 0.03
9 30 16 23 12.74 1.00 0.03
10 31 17 24 15.16 1.00 0.03
11 32 18 25 16.53 1.00 0.03
12 33 19 26 16.74 1.00 0.03
13 34 20 27 16.67 1.00 0.03
14 35 21 28 17.73 1.00 0.03
15 36 22 29 16.87 1.00 0.03
16 37 23 30 23.66 1.00 0.03
17 38 24 31 18.49 1.00 0.03
18 39 25 32 16.96 1.00 0.03
19 40 26 33 18.43 1.00 0.03
20 41 27 34 20.11 1.00 0.03
21 42 28 35 7.94 1.00 0.03
22 43 29 36 21.44 1.00 0.03
23 44 30 37 19.19 1.00 0.03
24 45 31 38 22.06 1.00 0.03
25 46 32 39 23.48 1.00 0.03
26 47 33 40 23.67 1.00 0.03
27 48 34 41 22.40 1.00 0.03
29 50 36 43 2.32 0.10 0.03
2 26 10 18 13.89 1.00 0.03
3 27 11 19 14.56 1.00 0.03
5 29 13 21 14.41 1.00 0.03
6 30 14 22 14.48 1.00 0.03
7 31 15 23 12.14 1.00 0.03
8 32 16 24 14.24 1.00 0.03
9 33 17 25 14.17 1.00 0.03
10 34 18 26 14.21 1.00 0.03
11 35 19 27 14.39 1.00 0.03
12 36 20 28 55.44 1.00 0.03
13 37 21 29 14.85 1.00 0.03
14 38 22 30 15.44 1.00 0.03
15 39 23 31 18.08 1.00 0.03
16 40 24 32 15.80 1.00 0.03
17 41 25 33 16.28 1.00 0.03
18 42 26 34 17.87 1.00 0.03
19 43 27 35 17.49 1.00 0.03
20 44 28 36 8.35 1.00 0.03
21 45 29 37 18.93 1.00 0.03
22 46 30 38 19.37 1.00 0.03
23 47 31 39 18.98 1.00 0.03
24 48 32 40 20.28 1.00 0.03
25 49 33 41 20.22 1.00 0.03
26 50 34 42 19.07 1.00 0.03
2 29 11 20 13.27 1.00 0.03
3 30 12 21 13.53 1.00 0.03
4 31 13 22 13.35 1.00 0.03
5 32 14 23 11.78 1.00 0.03
6 33 15 24 13.34 1.00 0.03
7 34 16 25 12.73 1.00 0.03
8 35 17 26 12.87 1.00 0.03
9 36 18 27 13.09 1.00 0.03
10 37 19 28 12.07 1.00 0.03
11 38 20 29 14.60 1.00 0.03
12 39 21 30 13.90 1.00 0.03
13 40 22 31 14.20 1.00 0.03
14 41 23 32 15.27 1.00 0.03
15 42 24 33 14.49 1.00 0.03
16 43 25 34 15.52 1.00 0.03
17 44 26 35 16.15 1.00 0.03
18 45 27 36 16.42 1.00 0.03
19 46 28 37 4.06 1.00 0.03
20 47 29 38 17.70 1.00 0.03
21 48 30 39 17.21 1.00 0.03
22 49 31 40 17.59 1.00 0.03
23 50 32 41 17.11 1.00 0.03
2 32 12 22 12.77 1.00 0.03
3 33 13 23 10.81 1.00 0.03
4 34 14 24 11.95 1.00 0.03
5 35 15 25 12.05 1.00 0.03
6 36 16 26 11.89 1.00 0.03
7 37 17 27 12.20 1.00 0.03
8 38 18 28 5.67 1.00 0.03
9 39 19 29 11.96 1.00 0.03
10 40 20 30 12.91 1.00 0.03
11 41 21 31 12.30 1.00 0.03
12 42 22 32 12.88 1.00 0.03
13 43 23 33 13.52 1.00 0.03
14 44 24 34 14.10 1.00 0.03
15 45 25 35 14.43 1.00 0.03
16 46 26 36 15.00 1.00 0.03
17 47 27 37 14.98 1.00 0.03
18 48 28 38 7.14 1.00 0.03
19 49 29 39 15.95 1.00 0.03
20 50 30 40 14.99 1.00 0.03
2 35 13 24 11.60 1.00 0.03
3 36 14 25 11.74 1.00 0.03
4 37 15 26 11.39 1.00 0.03
5 38 16 27 11.24 1.00 0.03
6 39 17 28 6.76 1.00 0.03
7 40 18 29 11.59 1.00 0.03
8 41 19 30 11.78 1.00 0.03
9 42 20 31 11.70 1.00 0.03
10 43 21 32 10.98 1.00 0.03
11 44 22 33 11.41 1.00 0.03
12 45 23 34 13.82 1.00 0.03
13 46 24 35 12.83 1.00 0.03
14 47 25 36 13.54 1.00 0.03
15 48 26 37 12.86 1.00 0.03
16 49 27 38 13.65 1.00 0.03
17 50 28 39 11.78 1.00 0.03
2 38 14 26 11.02 1.00 0.03
3 39 15 27 11.04 1.00 0.03
4 40 16 28 8.14 1.00 0.03
5 41 17 29 10.42 1.00 0.03
6 42 18 30 11.18 1.00 0.03
7 43 19 31 10.66 1.00 0.03
8 44 20 32 10.54 1.00 0.03
9 45 21 33 10.42 1.00 0.03
10 46 22 34 11.55 1.00 0.03
11 47 23 35 12.80 1.00 0.03
12 48 24 36 10.51 1.00 0.03
13 49 25 37 11.65 1.00 0.03
14 50 26 38 11.72 1.00 0.03
2 41 15 28 15.81 1.00 0.03
3 42 16 29 10.04 1.00 0.03
4 43 17 30 10.01 1.00 0.03
5 44 18 31 10.01 1.00 0.03
6 45 19 32 9.92 1.00 0.03
7 46 20 33 10.17 1.00 0.03
8 47 21 34 10.72 1.00 0.03
9 48 22 35 10.57 1.00 0.03
10 49 23 36 11.70 1.00 0.03
11 50 24 37 10.65 1.00 0.03
2 44 16 30 9.88 1.00 0.03
3 45 17 31 10.01 1.00 0.03
4 46 18 32 8.96 1.00 0.03
5 47 19 33 9.44 1.00 0.03
6 48 20 34 10.10 1.00 0.03
7 49 21 35 9.93 1.00 0.03
8 50 22 36 10.02 1.00 0.03
2 47 17 32 8.98 1.00 0.03
3 48 18 33 8.88 1.00 0.03
4 49 19 34 9.32 1.00 0.03
5 50 20 35 9.23 1.00 0.03
2 50 18 34 9.08 1.00 0.03
